36
107
180
325
525
750
915
982
1047
1159
1521
1891
2087
2266
2435
2608
2807
2984
3253
3575
3767
3892
4190
4556
4891
5191
5473
5786
5955
6223
6511
6838
7128
7437
7774
7894
7988
8108
8222
8462
8702
8788
8862
9023
9191
9745
10329
10495
10630
10714
10789
10899
11082
11409
11671
11784
11900
12002
12096
12180
12264
12341
12846
13348
13437
13534
13616
13686
13787
13993
14185
14280
14383
14502
14602
14720
14835
14907
14981
15071
15271
15449
15517
15718
15929
16029
16290
16541
16643
16742
16816
16922
17072
17180
17247
17321
17401
17480
17610
17750
17856
17960
18245
18576
18780
18944
19061
19170
19544
19940
20051
20130
20309
20499
20665
20845
21101
21343
21443
21560
21825
22189
22402
22608
22993
23325
23589
23785
24113
24452
24872
25289
25513
25730
25886
26098
26250
26420
26785
27089
27262
27437
27570
27701
28002
28349
28610
28821
29299
29772
29883
30279
30704
30924
31097
31191
31263
31351
31517
31666
31746
31836
31975
32132
32265
32385
32480
32575
32840
33089
33165
33240
33319
33399
33486
33585
33842
34089
34162
34234
34488
34937
35246
35359
35555
35760
35925
36078
36217
36361
36525
36715
36835
36932
37268
37614
37771
37924
38217
38701
39407
40048
40270
40461
40819
41273
41650
42048
42452
42698
42891
43080
43235
43374
43551
44065
44520
44630
44776
45290
45794
46171
46939
47431
47811
48294
48548
49068
49508
49585
49671
49872
50312
50642
51065
51952
52768
53110
53245
53407
53506
53658
53814
53918
54167
54529
54764
54873
55402
56032
56228
56577
57043
57283
57544
57773
57960
58201
58356
58446
58612
58784
58877
59010
59460
59900
60160
60564
60824
60955
61113
61306
61479
61566
61642
61755
62245
62714
62849
63002
63474
63927
64183
64425
64716
65094
65412
65654
65743
65819
66017
66213
66325
66663
66995
67235
67478
67868
68226
68482
68730
68999
69332
69567
69747
69855
69978
70352
70702
70798
70966
71198
71372
71651
71910
72110
72320
72712
73092
73342
73650
73889
74285
