45
141
658
1449
2155
2707
2962
3086
3185
3286
3458
3657
3759
3837
3960
4094
4249
4543
4987
5417
5656
6393
7723
8557
9277
10303
10993
11298
12535
13737
14290
14905
15367
16273
17135
17591
17831
18152
18965
19786
20130
20310
20695
21038
21125
21692
22359
22566
22713
22879
23011
23104
23219
24048
25142
25818
26318
26689
26976
27271
27699
28164
28687
29252
29854
30274
30510
30779
31359
32209
32753
33214
33810
34102
34175
34469
34852
35447
35974
36656
37375
37594
37993
38414
38742
39005
39561
40073
40154
40237
40438
40865
41358
41712
42102
42552
43624
44743
45084
45931
46839
47088
47892
48730
48931
49088
49301
49516
49679
49898
50093
50309
50538
50775
51088
51360
51564
51900
52230
52364
52530
52698
52841
52987
53371
53932
54216
54354
54508
54657
54778
54877
55131
55373
55634
55904
56009
56150
56281
56375
56766
57305
57648
57858
57990
58108
58338
58559
58825
59102
59893
60693
60901
61172
61462
61704
61822
61898
61974
62050
62130
62234
62497
62751
62885
63013
63182
63478
63695
63795
63937
64068
64298
64609
64771
64868
64974
65067
65155
65355
65569
65662
65761
65849
65926
66128
66322
66511
66706
66799
66937
67134
67277
67420
67657
67854
67961
68036
68103
68273
68488
68607
68695
68794
69207
69601
69667
69842
70044
70224
70376
70447
70544
70641
70723
70810
70894
70965
71034
71126
71214
71287
71359
71438
71520
71634
71743
71829
71932
72014
72080
72415
72783
72908
73033
73158
73283
73408
73533
73658
73783
73908
74033
74158
74745
75345
75469
