73
631
1191
1313
1394
1466
1543
1620
1692
1804
1918
2000
2090
2169
2236
2303
2399
2494
2647
2799
2866
2944
3025
3118
3328
3522
3658
3803
3911
4035
4250
4441
4553
4663
4736
4808
4920
5099
5255
5353
5471
5636
5867
6090
6228
6358
6509
6697
6941
7199
7423
7562
7724
7938
8195
8812
9366
9512
9653
9829
9982
10088
10193
10369
10627
10811
10950
11465
11964
12177
12429
12597
12684
12793
12954
13184
13374
13461
13565
13676
13898
14157
14267
14426
14920
15581
15924
16195
16749
17114
17186
17508
18067
18738
19237
19399
19525
19718
19894
19990
20143
20331
20449
20692
21027
21198
21313
21435
21564
21680
21787
21938
22053
22198
22364
22536
22733
22839
23101
23420
23595
23808
24024
24172
24304
24460
24580
24826
25094
25207
25304
25401
25634
25922
26148
26337
26505
26632
26752
26908
27024
27171
27340
27608
27902
28214
28746
29498
30121
30365
30620
30960
31254
31491
31634
31749
31868
31997
32174
32726
33253
33384
33725
34263
34718
34978
35174
35522
35821
35974
36070
36151
36230
36307
36391
36587
36802
36907
37007
37108
37192
37268
37379
37815
38392
38729
39054
39433
39658
39864
40244
40514
