80
350
629
890
1141
1369
1666
2028
2301
2599
2987
3315
3685
3949
4090
4288
4542
4859
5272
5639
5818
6062
6352
6515
6716
6877
7034
7268
7438
7581
7753
7976
8178
8300
8452
8648
8796
9051
9354
9478
9599
9792
9976
10089
10335
10643
10877
11116
11286
11423
11627
11837
12135
12502
12793
13014
13314
13579
13684
13792
13874
13946
14009
14076
14156
14252
14348
14435
14534
14673
14899
15102
15211
15302
15409
15535
15717
15872
16007
16167
16261
16338
16410
16493
16589
16727
16928
17095
17224
17350
17466
17565
17662
17762
17878
17989
18092
18222
18346
18461
18588
18721
18827
18914
19020
19148
19389
19639
19844
20032
20358
20669
20755
20867
20995
21098
21192
21298
21411
21512
21615
21737
21878
22023
22259
22502
22605
22694
22852
23091
