57
171
265
445
620
696
782
883
991
1186
1361
1444
1530
1674
1846
1968
2070
2177
2275
2367
2511
2639
2741
2885
3021
3107
3179
3264
3346
3449
3583
3721
3869
3975
4060
4203
4354
4551
4717
4814
4921
5046
5249
5485
5669
5767
5879
5994
6125
6314
6494
6672
6799
6866
6935
7008
7228
7506
7647
7789
7961
8096
8192
8274
8382
8478
8562
8659
8738
8813
8906
9093
9276
9450
9659
9846
10123
10326
10444
10574
10730
10898
11044
11190
11378
11639
11849
12072
12248
12332
12423
12524
12678
12825
13005
13171
13327
13562
13748
13853
14092
14411
14658
14841
15051
15278
15495
15729
15854
15959
16055
16251
16596
16814
16908
17119
17344
17468
17722
17961
18143
18367
18504
18681
18840
18929
19085
19236
19347
19475
19641
19866
20108
20373
20736
21010
21186
21351
21462
21573
21679
21811
21945
22070
22162
22271
22407
22538
22696
22909
23105
23207
23311
23513
23737
23865
23954
24151
24349
24537
24901
25259
25434
25616
25892
26280
26625
26876
27269
27544
27646
27794
28096
28356
28583
28815
28928
29055
29258
29439
29684
29944
30068
30300
30516
30606
30753
30997
31310
31610
31848
32001
32252
32572
32747
32855
33021
33185
33254
33355
33461
33543
33692
33832
34059
34350
34539
34672
34754
34838
34991
35176
35303
35442
35560
35622
35691
35863
36066
36166
36230
36353
36498
36601
36715
36866
37191
37563
37903
38146
38265
38470
38717
38879
39064
39439
39698
39884
40071
40327
40654
40821
40919
41030
41148
41268
41394
41648
41885
41958
42056
42187
42491
42800
42922
43010
43156
43324
43466
43626
43842
44022
44145
44281
44519
44744
