63
374
736
1063
1427
1830
2217
2512
2829
3159
3466
4448
5393
5563
5699
5806
5946
6119
6248
6360
6495
6605
6721
6892
7113
7379
7633
7814
7996
8205
8340
8517
8692
8787
8899
9038
9149
9220
9401
9592
9735
9876
9989
10111
10220
10333
10456
10555
10632
10716
10806
10914
11042
11148
11256
11471
11712
11888
12011
12121
12263
12420
12570
12745
12934
13086
13228
13372
13719
14042
14140
14276
14410
14496
14590
14707
14850
15035
15237
15544
15898
16190
16517
16746
16842
17282
17892
18436
18857
19062
19247
19865
20470
20629
20803
20971
21153
21357
21896
23026
23874
24195
24465
24772
25119
25406
25622
25801
25976
26140
26641
27078
27187
27357
27507
27617
28033
29772
31197
31380
31569
31661
31764
31892
32020
32126
32212
32304
32417
32516
32636
32914
33194
33341
33498
33680
33866
34016
34112
34210
34314
34450
34632
34856
35456
36007
36133
36247
36357
36474
36601
37080
37549
37633
37762
38721
39648
39742
39826
39905
40008
40119
40283
40932
41545
41697
41842
42003
42174
42357
42548
42871
43262
43458
43699
44346
44849
44953
45050
45189
45311
45384
45483
45587
45686
45782
45863
45951
46048
46145
46259
46388
46530
46729
46957
47120
47233
47395
47590
47722
47830
47943
48043
48278
48502
48585
48668
48828
49020
49556
50136
50494
50797
51165
51551
51674
51750
51845
52021
52278
52795
53251
53387
53510
53655
53776
54055
54951
55707
56061
56429
56764
57031
57159
57304
57421
57535
58076
58651
58780
58848
58964
59302
59610
59782
59959
60220
60770
61185
61370
61585
61721
61799
61894
61982
62086
62187
62308
62430
62642
62923
63083
63187
63369
63562
63697
63862
64017
64356
64912
65322
65490
65686
65980
66309
66600
67834
69160
69571
69874
70720
71558
71774
71951
72061
72567
73154
73958
74693
75218
75736
75954
76163
76279
76423
76545
77104
77741
78136
79007
79683
80078
80433
80532
80632
80735
80859
81010
81492
81935
82074
82236
82374
82581
83026
83523
83836
84048
84325
84567
84726
84959
85136
85227
85412
85590
85669
