124
281
364
718
1055
1134
1941
2781
2989
3238
3542
3815
3965
4763
5639
5931
6130
6730
7340
7529
7930
8245
8805
9368
9504
9657
9823
9954
10054
10247
10447
10577
10703
10822
10980
11119
11191
11255
11322
11418
11530
11689
11836
11919
11999
12068
12137
12215
12389
12612
12805
13017
13215
13401
13603
13752
13834
13945
14103
14253
14359
14433
14531
14633
14802
15001
15127
15217
15329
15457
15564
15688
15817
15992
16148
16259
16494
16743
16931
17078
17174
17357
17653
17861
17972
18122
18267
18482
18703
18835
18962
19120
19251
19366
19529
19707
19906
20076
20218
20328
20464
20694
20887
21016
21170
21334
21507
21715
21913
22103
22315
22488
22614
22769
22935
23115
23250
23326
23456
23662
23867
24079
24250
24365
24483
24631
24806
24937
25050
25164
25402
25680
25852
25970
26058
26209
26348
26557
26795
26928
27045
27132
27211
27306
27422
27516
27638
27828
27973
28131
28301
28418
28561
28709
28871
29012
29115
29288
29465
29646
29821
30004
30179
30292
30399
30516
30677
30830
30964
31122
31282
31424
31538
31615
31761
31963
32251
33316
34366
34833
35529
36122
37030
38118
38887
