325
708
910
1113
1225
1358
1498
1599
1728
1881
1988
2068
2180
2286
2394
2701
3026
3191
3312
3565
3817
3978
4152
4277
4427
4550
4697
4848
4930
5029
5431
5833
5963
6081
6185
6314
6430
6513
6626
6739
6825
6923
7006
7125
7296
7430
7522
7621
7732
7840
8009
8192
8333
8472
8649
8828
8970
9092
9191
9306
9411
9576
9749
9875
9988
10060
10125
10224
10340
10468
10627
10769
10886
11003
11134
11280
11389
11505
11631
11759
11923
12086
12319
12599
12844
13090
13259
13386
13526
13624
13748
13943
14122
14214
14283
14401
14579
14804
15009
15156
15294
15440
15578
15698
15875
16044
16134
16225
16340
16525
16727
16894
17032
17157
17268
17424
17605
17733
17892
18081
18393
18817
19086
19223
19347
19450
19572
19689
19797
19892
19969
20055
20134
20243
20376
20568
20786
20970
21150
21359
21532
21625
21715
21798
21992
22258
22405
22513
22646
22749
22844
23005
23294
23557
23674
23817
24029
24186
24590
24973
25039
25110
25197
25333
25475
25562
25664
25786
25915
26080
26217
26332
26450
26621
26870
27053
27157
27272
27388
27489
27709
27916
28006
28140
28382
28594
28681
28805
29004
29150
29228
29330
29426
29532
29651
29730
29794
29913
30103
30315
30530
30760
30963
31076
31176
31302
31452
31572
31641
31715
31785
31885
32021
32206
32370
32509
32668
32815
32995
33233
33432
33544
33632
33816
34029
34139
34218
34301
34478
34669
34797
34911
35047
35202
35351
35616
35868
36016
36135
36218
36298
36499
36700
36779
36858
36937
37032
37177
37301
37366
37445
37532
37603
37680
37764
38118
