66
205
335
505
667
762
850
955
1059
1135
1202
1304
1452
1597
1719
1833
1952
2067
2177
2360
2530
2629
2877
3131
3384
3892
4334
4495
4575
4742
5061
5285
5364
5476
5585
5710
5826
5909
5999
6077
6178
6290
6372
6442
6631
7072
7396
7469
7551
7640
7723
7863
7995
8099
8210
8317
8437
8536
8633
8898
9165
9279
9404
9552
9851
10323
10700
11070
11391
11532
11632
11727
11903
12090
12232
12505
12757
12938
13381
13768
13917
14039
14223
14390
14534
14679
14755
14845
14935
15097
15337
15492
15578
15660
15748
15841
15914
16004
16113
16225
16329
16404
16496
16619
16713
16842
16975
17145
17349
17476
17689
18088
18366
18437
18501
18581
18663
18729
18798
18955
19167
19303
19395
19483
19686
19897
20087
20281
20375
20527
20711
20831
20931
21058
21168
21255
21341
21523
21756
21880
21948
22012
22100
22212
22310
22399
22553
22717
22823
22907
23036
23177
23270
23370
23457
23528
23602
23768
23938
24022
24115
24221
24328
24443
24577
24693
24794
24977
25143
25218
25395
25589
25734
25875
25966
26054
26157
26252
26331
26436
26542
26637
26732
26815
26902
26989
27141
27314
27440
27723
27992
28076
28250
28456
28616
28788
28946
29057
29148
29252
29442
29623
29848
30066
30197
30435
30647
30833
31063
31212
31281
31406
31563
31725
31906
32024
32114
32380
32636
32724
32816
32897
33013
33131
33234
33353
33616
33863
33926
34001
34142
34295
34387
34606
34883
35015
35108
35226
35325
35461
35655
35824
36012
36174
36367
36600
36762
36888
36986
37062
37129
37204
37296
37387
37474
37588
37710
37837
37996
38160
38268
38412
38566
38653
38737
38828
38910
39016
39154
39263
39365
39476
39588
39693
39811
39936
40022
40101
40180
40263
40344
40424
40584
41035
41435
41553
41650
41744
41890
42076
42354
42628
42762
42867
42965
43034
43126
43222
43289
43363
43482
43597
43670
43781
43893
43966
44101
44231
44299
44395
44501
44626
44754
44841
44920
44991
45074
45159
45354
45567
45667
45789
45934
46046
46151
46315
46467
46635
46787
46853
46937
47043
47129
47226
47370
47585
47777
47882
47976
48197
48400
48508
48629
48761
48913
49179
49421
49494
49566
49639
49718
49824
49931
50020
50120
50229
50388
50569
50692
50999
51347
51478
51560
51638
51721
51878
52034
52336
52750
53053
53278
53504
53744
53884
54047
54224
54359
54503
54638
54745
54820
54939
55081
55233
55389
55566
55724
55804
55874
55945
56033
56177
56397
56807
57176
57297
57368
57436
57541
57665
57797
57958
58090
58193
58276
58366
58482
58696
58923
59036
59127
59307
59619
59960
60169
60270
60442
60641
60791
60906
61019
61163
61278
61401
61570
61695
61819
62211
62584
62679
62743
62808
62876
62991
63110
63211
63309
63557
63846
63957
64138
64336
64437
64542
64638
64749
64946
65147
65437
65693
65839
65988
66243
66506
66603
66692
66787
66882
66959
67032
67132
67226
67297
67410
67584
67809
67993
68115
68316
68502
68589
68715
69023
69500
69840
69977
70122
70266
70361
70509
70705
70841
70972
71132
71391
71755
71976
72083
72184
72314
72458
72545
72626
72740
72848
72960
73068
73168
73276
73411
73619
73822
73994
74149
74269
74407
74589
74716
74810
74895
75008
75175
75362
75498
75585
75714
75860
75992
76122
76295
76483
76702
76951
77212
77432
77546
77619
77691
77872
78080
78228
78390
78568
78769
78906
79016
79162
79264
79361
79585
