72
408
764
971
1132
1220
1366
1532
1767
2103
2475
2737
2849
2962
3053
3324
3665
4970
6251
6373
6460
6617
6778
6904
7271
7633
7888
8113
8283
8550
8780
8965
9238
9592
9866
10047
10196
10427
10694
10859
10963
11269
11773
12189
12512
12822
13078
13275
13455
13764
14105
14492
14805
14890
14989
15101
15201
15627
16246
16543
16673
16861
17032
17114
17332
17784
18090
18195
18325
18548
18796
18946
19067
19158
19265
19384
19610
19948
20402
20807
21316
21788
21891
22009
22133
22294
22456
22702
23017
23290
23524
23848
24182
24393
24613
24826
25042
25306
25567
25700
25833
25955
26095
26310
26458
26564
26822
27208
27494
27659
27818
27986
28165
28374
28530
28631
28771
28911
29013
29188
29345
29439
29544
29644
29750
29839
29974
30149
30260
30346
30472
30643
30786
30943
31156
31323
31452
31610
31767
32004
32269
32460
32592
32870
33165
33280
33428
33565
33677
33806
33953
34091
34354
34584
34679
34803
34959
35118
35245
35374
35664
35973
36137
36262
36388
36581
36811
37051
37231
37374
37494
37594
37702
37808
37935
38154
38349
38485
38651
38758
38945
39155
39319
39550
39942
40283
40402
40546
41008
41554
41865
42350
42842
43158
43430
43564
43652
43767
44065
44322
44456
44614
44896
45175
45394
45637
45813
45977
46335
46770
47076
47300
47409
47512
47652
47835
47998
48280
48527
48620
48764
48899
48995
49071
49138
49238
49369
49644
49903
50034
50167
50289
50495
50681
50778
50885
51002
51168
51337
51473
51663
51817
51890
51967
52181
52386
52501
52629
52806
53001
53105
53204
53303
53401
53506
53650
53797
53910
54006
54069
54189
54313
54430
54608
54772
54907
55084
55238
55353
55465
55562
55696
55808
55888
56003
56120
56211
56297
56399
56555
56686
56793
56925
57055
57172
57288
57436
57605
57727
57871
58067
58212
58326
58430
58532
58643
58870
59086
59215
59451
59735
59965
60118
60217
60321
60522
60755
60894
60994
61114
61223
61306
61386
61460
61578
61776
61941
62040
