65
197
349
481
632
839
1038
1207
1377
1542
1651
1741
1837
1921
1991
2136
2280
2362
2503
2670
2808
2920
3023
3481
3922
3998
4314
4622
4722
4845
5043
5315
5635
5980
6174
6340
6571
6744
6922
7072
7161
7253
7332
7418
7520
7820
8114
8240
8363
8473
8666
8832
8913
9065
9227
9577
9941
10105
10241
10358
10475
10595
10876
11128
11247
11488
11699
11875
12061
12236
12405
12472
12734
13035
13140
13210
13285
13390
13563
13733
13876
13988
14057
14154
14248
14336
14533
14733
15006
15293
15435
15610
15800
15924
16013
16122
16229
16328
16434
16530
16612
16783
16981
17162
17310
17461
17621
17731
17862
17958
18048
18148
18229
18347
18476
18573
18689
18817
18918
19076
19261
19367
19444
19553
19657
19745
19875
20005
20097
20208
20364
20537
20804
21020
21117
21257
21439
21665
21870
21981
