34
123
209
279
356
435
522
709
897
988
1081
1241
1408
1547
1792
2018
2460
2931
3216
3541
3798
3977
4166
4334
4708
5169
5458
5842
6103
6231
6675
7142
7671
8194
8462
8715
8848
8988
9216
9594
9898
10120
10357
10532
10701
11475
12218
12333
12448
12636
12921
13249
13507
13640
13854
14282
14647
15052
15416
15599
16024
16415
16582
16870
17169
17584
18011
18473
19025
19430
19772
20119
20433
20557
20985
21476
22114
22699
22934
23180
23302
23627
23942
24127
24387
24768
25345
25737
25905
26386
26970
27279
27475
27611
28242
29071
29381
29561
29725
30217
30740
31578
32576
32988
33275
33575
33933
34194
34375
34564
34718
34857
35035
35231
35488
35696
35887
36089
36233
36473
36672
37431
38233
38628
39067
39253
39348
39584
39847
39971
40103
40254
40390
41219
42034
42162
42303
42408
42519
42732
42941
43237
43542
43663
43765
43925
44149
44510
44990
45282
45414
46128
46813
47029
47268
47376
47705
48041
48209
48508
48733
48848
49271
49660
50526
51578
52201
52664
53252
54057
54536
55183
55778
56038
56742
57428
57595
58792
60148
60441
60642
60824
60967
61294
61587
61688
61798
61972
62160
62322
62859
63429
63626
63857
64060
64155
64331
65041
65716
65872
66128
66783
67351
67579
67904
68517
69010
69212
69420
69588
69975
70419
70685
71123
71477
71686
72379
73001
73362
73717
73875
74230
74671
74924
75221
75507
75693
75863
76026
76227
76430
76752
77072
77266
77407
