54
262
455
529
608
688
760
832
898
961
1026
1092
1502
1917
2032
2147
2324
2576
2803
3031
3267
3440
3617
3812
3954
4058
4178
4329
4526
4723
4820
4898
4981
5090
5199
5364
5714
5979
6149
6658
7136
7311
7467
7789
8088
8320
8598
8809
9030
9205
9326
9417
9482
9569
9672
9782
9903
10015
10201
10388
10657
10918
11056
11199
11329
11463
11669
11889
12029
12348
12861
13175
13493
13802
13896
14032
14157
14280
14555
14816
14944
15052
15145
15286
15439
15550
15658
15767
15871
16107
16321
16467
16678
16820
16921
17028
17197
17372
17516
17824
18140
18286
18389
18495
18617
18750
18944
19106
19223
19402
19542
19678
19815
19908
20031
20169
20266
20367
20473
20553
20634
20721
20833
21187
21530
21622
21747
21865
21954
22057
22189
22315
22520
22732
22843
23014
23179
23278
23433
23683
23991
24216
24314
24440
24891
25383
25830
26289
26538
26798
27161
27474
27619
27698
27901
28200
28358
28469
28659
28805
28989
29193
29376
29586
30129
31137
31819
32059
32354
32673
32913
33216
33551
33960
34434
34935
35312
35964
36731
36977
37359
37728
37834
37966
38071
