115
268
358
460
560
663
766
866
969
1072
1168
1258
1435
1621
1734
1847
1979
2120
2216
2303
2436
2577
2764
2924
3021
3126
3205
3305
3412
3503
3593
3708
3823
3986
4171
4284
4423
4551
4627
4766
4921
5060
5206
5327
5443
5526
5595
5732
5866
5957
6134
6352
6542
6684
6771
6861
6986
7119
7220
7385
7567
7681
7787
7866
8046
8226
8338
8455
8542
8668
8799
8911
9014
9110
9282
9450
9544
9640
9740
9837
10037
10297
10496
10616
10701
10797
10877
10988
11096
11185
11321
11472
11637
11795
11892
12009
12130
12221
12326
12417
12506
12631
12750
12837
12917
13022
13139
13253
13369
13458
13608
13776
13914
14051
14169
14275
14353
14636
14934
15031
15131
15233
15345
15471
15582
15664
15804
15980
16131
16266
16410
16576
16706
16802
17033
17301
17415
17491
17566
17715
17865
17936
18034
18181
18325
18420
18498
18584
18696
18803
18909
19019
19102
19184
19263
19452
19653
19744
19880
20021
20180
20323
20422
20540
20647
20767
20891
20992
21080
21229
21436
21575
21664
21803
21924
21997
22142
22303
22450
22585
22717
22840
22936
23030
23096
23224
23358
23471
23581
23668
23830
23984
24110
24226
24341
24488
24610
24718
24801
24946
25100
25184
25281
25394
25505
25592
25670
25787
25906
25993
26208
26417
26499
26683
26876
26973
27059
27135
27217
27321
27523
27724
27821
27910
27993
28098
28222
28345
28444
28509
28733
29001
29108
29189
29342
29509
29620
29699
29870
30065
30169
30248
30373
30535
30676
30798
30893
31019
31143
31308
31468
31577
31713
31819
31905
31981
32070
32171
32263
32404
32540
32714
32890
32987
33085
33313
33544
33756
33954
34057
34197
34336
34441
34520
34603
34707
34826
34918
35004
35132
35258
35388
35508
35631
35750
35878
36038
36150
36235
36313
36461
36630
36718
36844
36984
37061
37153
37277
37421
37532
37618
37706
37834
37965
38081
38221
38336
38447
38551
38699
38859
39087
39321
39446
39548
39645
39740
39878
40017
40109
40208
40348
40500
40611
40694
40911
41137
41216
41336
41548
41745
41860
42026
42181
42256
42331
42434
42537
42667
42803
42879
42969
43057
43223
43458
43608
43722
43829
43905
44016
44139
44232
44334
44445
44550
44678
44787
44857
44924
45021
45134
45220
45302
45402
45496
45579
45728
45877
46040
46210
46326
46492
46690
46838
46928
47006
47111
47246
47355
47483
47606
47777
47977
48089
48178
48277
48372
48469
48609
48733
48838
48948
49031
49096
49215
49367
49464
49542
49631
49837
50032
50162
50294
50384
50473
50589
50725
50825
50903
50999
51117
51242
51359
51464
51581
51679
51790
51916
52013
52166
52329
52447
52573
52665
52912
53180
53284
53381
53526
53670
53761
53883
54010
54101
54214
54329
54414
54525
54694
54830
54899
54998
55096
55160
55311
55495
55624
55739
55834
55916
55998
56125
56289
56411
56504
56592
56717
56861
57061
57283
57425
57557
57729
57891
58068
58269
58435
58551
58620
58701
58781
58859
58956
59056
59143
59219
59296
59441
59611
59716
59808
59903
60038
60166
60233
60300
60467
60722
60872
60995
61156
61276
61378
61537
61675
61782
61952
62170
62337
62429
62514
62584
62671
62787
62943
63072
63197
63327
63441
63626
63776
63883
63997
64079
64285
64508
64604
64680
64815
64966
65087
65274
65423
65522
65633
65747
65861
66097
66392
66571
66689
66870
67049
67131
67212
67289
67387
67494
67576
67651
67753
67855
67981
68112
68198
68273
68373
68555
68723
68824
68908
68992
69144
69308
69398
69492
69598
69725
69869
70018
70188
70331
70455
70577
70741
70922
71040
71157
71272
71380
71485
71593
71707
71822
71981
72140
72391
72607
72690
72971
