29
91
159
261
376
468
568
694
839
998
1412
1812
1961
2125
2290
2436
2585
2747
3011
3330
3559
3771
4554
5419
6246
6928
7043
7174
7310
7452
7597
7785
7995
8163
8499
8866
9353
10336
11012
11165
11529
11865
11995
12139
12304
12487
12647
12788
13153
13619
13909
14140
14340
15046
16081
16630
16853
17043
17371
17699
18526
19868
20585
20795
20981
21610
22261
22512
22836
23077
23654
24526
24982
25142
25268
25427
25614
25773
25878
25952
26027
26182
26464
26749
26933
27040
27207
27550
27813
27928
28080
28285
28470
29049
29649
30142
30620
30761
30907
31115
31480
32176
32744
32928
33135
33327
33479
33648
33862
34077
34239
34400
34682
35524
36414
36741
36896
37037
37183
37526
37947
38205
38366
38515
39096
39634
39715
39790
39880
39976
40073
40261
40711
41126
41671
42902
44684
46042
46486
46648
46820
47004
47462
48266
48819
48977
49060
49173
49714
50316
50624
51367
52019
52444
52901
53706
54520
54753
54968
55177
55364
55538
56529
57568
58975
60329
60495
60654
60796
61087
61400
61572
61748
61914
63099
64298
64485
64634
64756
64885
65050
65641
66241
66417
66568
66762
