223
559
836
1384
1813
2016
2449
2798
2908
2986
3064
3207
3355
3435
3557
3690
3772
3848
3939
4023
4106
4210
4298
4381
4548
4739
4930
5105
5320
5576
5803
5992
6091
6191
6328
6593
6819
6891
6975
7083
7202
7332
7546
7739
7852
8189
9064
9755
9892
10077
10251
10369
10552
10740
10926
11068
11284
11483
11572
11731
12015
12255
12364
12464
12544
12647
12761
12899
13038
13125
13275
13419
13630
13866
14105
14325
14486
14656
14743
14847
14967
15091
15213
15378
15587
15717
15816
15969
16102
16201
16291
16362
16522
16688
16801
17004
17186
17336
17487
17627
17790
17920
18027
18110
18420
18766
18906
19008
19128
19265
19386
19610
19801
19930
20070
20173
20458
20741
20846
21054
21376
21677
21930
22207
22469
22664
22844
23036
23244
23422
23580
23849
24258
24988
25576
25754
26017
26351
26597
26794
26950
27071
27211
27311
27481
27679
27987
28278
28382
28476
28602
28761
28979
29197
29444
29702
29910
30070
30150
30256
30451
30668
30941
31172
31372
31595
31692
31814
31933
32005
32083
32166
32281
32389
32478
32607
32734
32913
33087
33263
33467
33722
33984
34201
34399
34664
34899
35013
35127
35216
35322
35422
35686
36054
36545
37016
37183
37338
37518
37747
38059
38810
39460
39610
39863
40265
40723
41003
41151
41356
41541
41641
41771
42103
42443
42584
42688
42794
42899
43016
43158
43274
43378
43499
43651
43791
43904
44258
44618
44750
44887
45052
45210
45333
45452
45632
45833
45953
46032
46137
46257
46441
46618
46821
47069
47207
47276
47339
47492
47660
47763
47864
47978
48206
48412
48558
48715
48807
48938
49119
49264
49401
49615
49784
50049
50363
50484
50587
50697
50851
51029
51199
51384
51537
51642
51759
51934
52199
52396
52484
52609
52785
53028
53216
53386
53542
53613
53680
53763
53913
54089
54243
54418
54565
54673
54765
55040
55318
55390
55494
55611
55897
56372
56660
56762
57069
57385
57489
57614
57731
57802
58041
58290
58468
58643
58812
58976
59105
59285
59577
59812
59938
60152
60352
60489
60598
60721
60840
60924
61016
61129
61355
61571
61773
62005
62255
62483
62679
62882
63041
63222
63355
63552
63752
63861
63956
64061
64295
64512
64618
64915
65212
65306
65526
65758
65849
66020
66226
66361
66705
67056
67268
67509
67638
67806
67983
68163
68344
68520
68729
68990
69203
69311
69425
69502
69634
69771
69984
70196
70353
70521
70754
70985
71095
71248
71442
71596
71691
71795
71905
71993
72340
72713
73050
73679
