85
229
348
514
655
756
871
965
1058
1163
1276
1389
1562
1716
1796
1913
2025
2120
2318
2718
3088
3257
3468
3989
4578
4858
4955
5116
5396
5620
5852
6328
7128
7852
8141
8230
8325
8458
8656
8820
9150
9902
10581
10958
11194
11328
11480
11907
12285
12361
12671
13099
13356
13546
13682
13833
14253
14647
14779
14948
15449
15943
16507
17042
17168
17417
17645
17856
18507
19154
19849
20698
21091
21197
21501
21954
22453
22802
22936
23125
23258
23359
23558
23772
24288
24770
24860
25052
25576
26112
26864
27912
28631
29036
29250
29410
29787
30123
30212
30342
30556
30779
31684
32647
32980
33320
33604
33770
33943
34187
34501
34943
35556
36069
36267
36410
36565
36663
36746
36852
37391
38273
38928
