103
368
741
1032
1251
1495
1748
2117
2462
2864
3233
3383
3505
3642
3813
3975
4117
4267
4420
4580
4729
4853
4960
5099
5313
5529
5695
5843
5969
6096
6234
6345
6486
6682
6846
6979
7087
7213
7343
7440
7538
7643
7748
7842
7926
7995
8070
8196
8358
8482
8594
8706
8844
8986
9086
9185
9322
9476
9852
10408
10990
11428
11598
11711
12046
12537
13227
13887
14203
14403
14556
14883
15247
15897
16536
16920
17466
18095
18731
19286
19749
20167
20574
20862
21047
21174
21322
21483
21612
21739
21846
22037
22282
22417
22480
22730
22987
23103
23211
23288
23422
23571
23667
23814
24002
24272
24502
24795
25159
25359
25508
25649
25980
26291
26439
26596
26719
26807
26924
27075
27207
27307
27376
27509
27777
28136
28381
28566
28838
29029
29112
29197
29334
29481
29606
29768
29914
30006
30219
30450
30684
30987
31344
31749
32196
32707
32987
33227
33527
33822
34445
34937
35152
35417
35728
36160
36612
37114
37646
37951
38234
38632
38874
39027
39307
39593
39779
39962
40088
40191
40290
40378
40487
40672
40873
40989
41159
41325
41471
41623
41723
41900
42102
42241
42373
42561
42874
43249
43713
44163
44430
44561
44786
45129
45357
45535
45689
45835
46074
46293
46631
47091
47480
47777
47962
48170
48362
48491
48611
48875
49176
49437
49647
49845
50353
50785
51222
51795
52107
52327
52542
52804
53022
53104
53231
53493
53703
53816
54027
54303
54557
54771
55076
55390
55615
55841
56161
56497
56749
57121
57504
57680
57918
58159
58342
58541
58634
58816
59001
59122
59301
59462
59622
59912
60356
60720
60905
61086
61239
61355
61558
61769
61908
62173
62448
62685
62922
63033
63207
63369
63436
63539
63747
63943
64109
64402
64636
64801
64993
65211
65408
65528
65659
65877
66060
66157
66342
66607
66810
67079
67436
67847
68272
68594
68886
69091
69397
70019
70561
71440
72440
