79
231
768
1342
1539
1837
2210
2522
2836
3040
3146
3252
3607
4076
4470
4810
4991
5112
5272
5439
5858
6450
7057
7524
7696
7847
8110
8518
8769
8854
8987
9363
9984
10403
10535
10751
11200
11638
11862
12047
12262
12458
12584
12827
13087
13243
13380
13450
13610
13957
14227
14469
14847
15072
15148
15249
15379
15484
15711
16002
16230
16415
16568
16705
16847
17008
17132
17236
17338
17423
17499
17597
17691
17793
17915
18030
18178
18434
18668
18798
19090
19369
19466
19671
19913
20129
20305
20426
20537
20649
20848
21000
21109
21259
21455
21744
21962
22082
22219
22338
22648
22966
23215
23517
24323
25323
25843
26116
26240
26489
26732
26853
26982
27112
27216
27346
27498
27634
27799
27940
28025
28095
28161
28229
28320
28448
28559
28655
28766
29165
29597
29880
30150
30361
30614
31028
31364
31567
31767
31841
31926
32010
32138
32453
32908
33216
33411
33905
34316
34500
34691
34806
34911
35020
35228
35477
35640
35767
35893
36099
36302
36403
36730
37152
37366
37462
37558
37667
37747
37808
37886
38034
38234
38456
38686
38875
39050
39220
39409
39934
40507
40911
41202
41285
41399
41615
41850
41990
42336
42790
43026
43174
43336
43534
43792
44109
44373
44517
44629
44774
44898
45000
45141
45283
45426
45682
45886
46152
46434
46529
46762
47019
47114
47248
47389
47491
47635
47794
48109
48417
48634
48960
49446
49811
49921
50012
50114
50520
51130
51668
52198
52527
52737
53009
53215
53378
53521
53676
53818
53926
54065
54189
54418
54646
54772
54952
55151
55324
55537
55919
56387
56647
56757
56875
57036
57786
58487
58625
58844
59231
59549
59716
60152
60778
61226
61628
61947
62122
62262
62422
63351
64323
64543
64812
65048
65209
65374
65478
65618
65870
66217
66421
66599
66840
67700
68740
69173
69363
69538
70047
70797
71367
71664
71959
72442
72809
73020
73224
73430
73670
73909
74421
74868
75016
75136
75228
75350
75464
75580
75716
76023
76710
77228
77358
77474
77640
78080
78472
78879
79292
79418
79725
80052
80216
80475
80746
80871
80962
81143
81385
81538
81647
81863
82063
82203
82346
82447
82576
82709
82839
82996
83128
83256
83532
83920
84377
84719
84878
85149
85392
85523
85770
86027
86236
86404
86564
86755
86980
87184
87277
87401
87515
87588
87653
87733
87814
87910
88036
88214
88404
88593
88748
88900
89126
89351
89796
90208
90764
