156
453
800
1224
1891
2444
2708
3158
3995
4674
4901
5075
5233
5437
5782
6438
7054
7446
7966
8341
8769
9236
9892
10518
10630
10703
10943
11345
11681
11908
12102
12469
12787
13243
13715
13816
13932
14050
14450
14949
15192
15339
15421
15612
15825
15938
16019
16105
16208
16411
16598
16684
16774
16877
17241
17599
17863
18126
18325
18518
18669
18935
19193
19322
19451
19883
20274
20618
21273
21692
21909
22128
22261
22428
22551
22790
23043
23331
23630
23985
24369
24493
24656
24836
25008
25261
25495
25647
25815
26050
26203
26335
26500
26611
26689
26960
27381
27695
28347
29042
29278
29505
29780
29928
30063
30283
30638
30936
31064
31208
31366
31720
32169
32470
32627
32705
32829
33027
33527
34028
34206
34358
34528
34724
34907
35119
35444
35711
35988
36345
36618
36752
36912
37075
37178
37339
37536
37769
38240
38824
39271
39536
39866
40192
40294
40516
40890
41184
41348
41517
41833
42102
42569
43314
43848
44134
44286
44876
45446
45595
45825
46014
46846
47851
48220
48477
48638
48714
48784
48878
48979
49048
49116
49239
49435
49594
49708
49807
50214
50624
50711
50949
51349
51640
51910
52160
52289
53157
54304
54714
54902
55317
55657
55817
56157
56419
56487
56709
56988
57194
57718
58203
58460
58713
58938
60032
61274
61629
62386
63260
63480
64073
64686
64881
65066
65210
65333
65435
65536
65628
66022
67120
67940
68235
68805
69273
69712
70081
70418
70859
71058
71143
71283
71415
71566
71749
71863
71963
72271
72705
72949
73102
73420
73684
73975
74411
74815
75094
75552
76251
76681
76889
