162
413
768
1160
1348
1457
1568
1700
1811
1906
2027
2200
2618
3119
3395
3636
3840
3928
4415
5011
5226
5366
5548
5714
5890
6044
6116
6197
6376
6681
7037
7261
7340
7463
7604
7752
7927
8098
8238
8355
8477
8765
9080
9220
9383
9649
9914
10682
11602
11984
12379
12737
12932
13134
13348
13820
14865
15602
15671
15738
15836
15950
16099
16359
16571
16757
17041
17302
17474
17622
17835
18016
18127
18368
18692
19029
19341
19516
19738
19929
19991
20087
20286
20580
20798
20976
21241
21597
21893
22105
22280
22365
22471
22574
22665
22917
23225
23393
23488
23621
23986
24288
24385
24729
25098
25264
25629
25980
26113
26384
26664
26812
27023
27211
27424
27654
27789
28234
28932
29649
30263
30558
30936
31325
31503
31672
31890
32483
33233
33634
33770
33861
34384
35256
36158
37028
