407
946
1170
1293
1376
1533
1679
1792
1900
2050
2241
2441
2617
2808
3006
3166
3317
3408
3495
3571
3659
3812
4010
4196
4397
4629
4808
5049
5276
5383
5480
5560
5693
5959
6189
6274
6368
6471
6542
6613
6688
6756
6821
6893
6974
7074
7208
7343
7449
7570
7823
8047
8143
8224
8322
8441
8555
8822
9085
9188
9324
9697
10054
10195
10467
10731
10860
11014
11236
11510
11796
11986
12068
12317
12637
12822
13012
13180
13291
13400
13492
13587
13709
14098
14594
14826
14924
15074
15290
15432
15677
16005
16263
16452
16570
16720
17081
17591
17968
18163
18259
18377
18540
18737
18901
18999
19121
19363
19655
19855
19991
20096
20218
20361
20479
20722
21127
21493
21670
21784
21900
22027
22176
22348
22544
22653
22738
22830
22905
22981
23092
23208
23318
23429
23521
23691
23848
23914
23980
24078
24200
24326
24444
24574
24715
24826
24927
25111
25335
25706
26109
26296
26626
27567
28294
28418
28564
28743
28931
29060
29143
29260
29413
29530
29673
29876
30277
30607
30730
30885
31062
31210
31353
31693
32030
32260
32625
33178
33539
33756
34308
34810
34975
35047
35233
35704
36082
36197
36391
