239
588
770
997
1309
1783
2607
3220
3451
3625
3733
3847
4016
4247
4402
4527
4700
4907
5546
6166
6528
6874
7088
7289
7420
7531
7628
7720
7810
7903
8103
8318
8459
8618
8732
8800
8944
9104
9259
9624
9942
10172
10405
10553
10764
11031
11309
11527
11718
11887
12062
12340
12604
12995
13326
13441
13799
14188
14559
14869
15036
15222
15641
16045
16162
16395
16609
16817
17018
17209
17475
17712
17898
18176
18593
18862
19000
19145
19333
19526
20229
20960
21129
21244
21522
22046
22448
23100
23920
24250
24439
24668
24895
25210
26629
27948
28682
29667
30632
31434
31702
31848
31975
32097
32333
32614
32794
33121
33444
33639
33969
34250
34362
34527
34712
34831
34939
35173
35559
35807
35891
35996
36171
36371
36650
37132
37461
37638
37979
38430
38947
39368
39651
39862
40016
40128
40200
40321
40642
41191
41605
41802
42060
42345
42521
42733
43116
43399
43535
43791
44052
44203
44361
44552
44700
44810
44925
45018
45213
45661
46030
46194
46632
47052
47448
48224
49246
50067
50429
50606
50724
50843
51018
51223
51554
51842
51969
52096
52526
52953
53058
53193
53331
53451
53614
53799
53985
54232
54454
54843
55231
55344
55507
55683
55778
55891
56021
56204
56362
57384
58408
58653
58918
59034
59205
59381
59676
59967
60125
60387
60613
60733
60866
61004
61271
61584
61793
62064
62320
62446
62519
62627
62768
62919
63755
64614
64793
64916
65065
65233
65366
65510
65623
65859
66196
66424
66849
67240
67460
67721
67884
67993
68087
68188
68293
68384
68461
68553
68650
68872
69197
69389
69485
69595
69699
70615
71835
72292
72501
72657
72793
72969
73133
73765
74393
74504
74813
75650
76735
77697
