205
446
613
794
935
1084
1302
1515
1627
1761
1865
1940
2094
2265
2355
2421
2652
2889
2962
3054
3347
3645
3769
3891
4124
4820
5711
6517
7154
7852
8544
8953
9251
9426
9742
10021
10605
11247
11406
11548
12103
12894
13601
14035
14144
14333
14529
14644
14801
15053
15272
16000
17091
17738
18200
18596
18964
19284
19781
20246
20355
20441
20746
21034
21133
21319
21599
21975
22619
23432
24500
25281
25618
26138
26634
26931
27569
28629
29327
29691
30013
30238
30371
31042
31751
31909
32406
33072
33387
33782
34336
35103
35771
35990
36143
36275
36444
36596
37100
37646
37757
38085
38462
38740
39201
39508
39593
39676
39752
39850
40032
40324
40657
40868
41004
41488
42142
42483
42612
42705
43345
44510
45163
45571
46220
46842
47425
47820
47980
48069
48365
48693
48820
49036
49500
50174
50975
51747
52494
53379
53937
