428
952
1552
2333
2722
2928
3106
3243
3400
3944
4483
4835
5174
5301
5395
5585
5812
6038
6220
6340
6449
6527
6755
7045
7353
7668
7843
8061
8276
8394
8505
8985
9485
9725
9954
10200
10490
10692
10962
11215
11368
11497
11695
11923
12115
12484
12811
12947
13137
13309
13417
13622
13859
14166
14721
15128
15570
16132
16645
17038
17305
17588
17866
18218
18436
18919
19664
20068
20324
20545
20694
20945
21217
21387
21486
21639
21787
21952
22188
22361
22565
22784
23040
23364
23809
24196
24336
24549
24813
24954
25331
25854
26156
26382
26574
26890
27235
27551
28172
28842
29156
29373
29650
30369
31339
31812
32163
32706
33064
33175
33265
33351
33779
34305
34511
34630
34752
34949
35936
36871
37150
37714
38240
38564
38904
39344
39911
41082
