131
353
575
783
896
967
1056
1173
1278
1412
1664
1939
2455
3074
3375
3501
3728
3998
4169
4310
4434
4721
4993
5117
5242
5336
5436
5842
6224
6298
6492
6768
6933
7013
7108
7233
7612
8057
8245
8366
8876
9506
9934
10522
11077
11353
11479
11619
11831
12183
12769
13299
13756
14186
14533
14786
14900
15084
15243
15407
15936
16472
16760
17460
18421
19039
19336
19490
19672
19962
20170
20304
20456
20691
20917
21396
21927
22125
22285
22414
22518
22650
22829
23155
23482
23738
23965
24105
24332
24541
24662
24770
25097
25688
26150
26407
26678
27043
27273
27467
28150
28908
29213
29399
29567
29684
29878
30194
30440
30592
30745
30885
30996
31133
31361
31538
31668
31793
31963
32368
32728
32841
33510
34191
34333
34695
35042
35160
35261
35623
35971
36062
36154
36338
36731
37097
37256
37340
37866
38451
38626
38777
38905
39050
39196
39314
39574
39968
40417
40832
41155
41460
41671
41957
42335
42573
42760
42945
43132
43326
43466
44035
44677
44962
45626
46176
46268
46366
46509
46704
46988
47328
47559
47680
47779
48578
49414
49745
50504
51114
51291
51587
51861
52052
52525
52937
53061
53184
53288
53722
54648
55276
55415
55647
55911
56079
56246
56352
56434
56732
57051
