218
501
718
903
978
1070
1218
1646
2054
2331
2788
3159
3567
4003
4193
4958
5716
6136
6588
6698
6795
6939
7071
7195
7768
8299
8901
9535
10018
10558
10762
10897
11055
11212
11375
11521
11826
12161
13118
14100
14658
15266
15508
15676
15810
16447
17064
17309
17568
17727
18117
18808
19242
19780
20664
21083
21191
21311
21413
21529
21938
22354
22492
22803
23736
24515
26189
27825
28527
30055
31335
31775
32884
34437
35009
35193
35370
35673
35941
36516
37083
37299
37746
38491
39316
39721
40043
40466
41420
42424
42763
42980
43846
44661
44836
45069
45235
45425
45616
45784
45955
46119
46379
47046
47603
48241
49764
50832
51201
51511
51684
51919
52111
52216
52311
52748
53623
54210
54573
54955
55243
55828
56334
56519
56774
57055
57273
57545
57751
58167
58592
59010
59450
59800
60121
60435
61253
62031
62663
63150
63333
63827
64588
65353
65845
66029
66989
68034
68450
69638
70793
71744
