37
116
196
269
352
437
526
620
742
860
971
1082
1161
1286
1428
1520
1665
1885
2040
2159
2268
2382
2645
2891
3011
3130
3295
3493
3693
3848
4007
4171
4309
4446
4608
4867
5088
5322
5515
5605
5752
5928
6119
6306
6423
6490
6684
7013
7234
7415
7917
8352
8458
8536
8621
8709
8845
9123
9425
9826
10178
10328
10444
10574
10767
11097
11410
11553
11674
11871
12033
12103
12221
12445
12668
12871
13050
13178
13290
13382
13615
13849
13964
14108
14276
14392
14481
14574
14644
14744
14884
15022
15120
15268
15423
15515
15894
16283
16412
16655
16923
17061
17163
17513
17988
18292
18482
18749
19052
19236
19359
19468
19588
19715
19842
19959
20054
20576
21161
21289
21367
21457
21851
22294
22452
22577
22766
22992
23317
23815
24120
24201
24303
24406
24536
24677
24790
24908
25031
25156
25305
25449
25568
25665
25786
25989
26185
26340
26486
26591
26662
26792
26981
27243
27893
28408
28487
28578
28670
28754
28844
28947
29051
29135
29243
29451
29850
30156
30286
30435
30576
30733
30871
31057
31264
31400
31477
31560
31678
31892
32166
32345
32587
32858
33029
33255
33494
33648
33894
34220
34425
34650
34879
34987
35092
35216
35498
35797
35896
35992
36093
36162
36280
36406
