43
137
246
365
511
671
802
890
1401
2657
3506
3741
4727
5628
5880
6124
6268
6516
6791
7274
7743
7881
8232
8648
8897
9595
10257
10471
10718
11325
11880
12052
12224
12367
12484
13176
13927
14345
14767
14927
15034
15751
16617
16914
17498
18035
18116
18250
18419
18567
18675
18849
19131
19381
19936
20511
20957
21332
21549
22062
22465
22613
23023
23605
24057
24548
24952
25135
25319
25891
26604
27788
28930
29254
29416
29515
29865
30265
30508
30735
31347
32014
32320
32514
32687
33398
34138
34383
34581
35157
35737
36072
36402
37029
37683
37897
38039
38149
38311
38543
39137
39796
40219
40614
41008
41522
