39
130
222
323
416
484
599
712
784
862
941
1019
1089
1165
1267
1443
1595
1752
1997
2151
2216
2442
2675
2804
2955
3072
3249
3433
3534
3631
3729
3882
4033
4152
4288
4379
4488
4594
4689
4793
4884
5013
5127
5302
5474
5619
5818
5970
6193
6411
6537
6679
6799
7076
7393
7512
7618
7850
8258
8530
8759
9056
9184
9271
9456
9618
9760
9926
10031
10136
10330
10496
10684
11011
11251
11354
11437
11740
12035
12152
12335
12549
12686
12768
12856
13280
13771
13963
14111
14243
14398
14624
14848
15121
15347
15453
15561
15643
15727
15830
16089
16574
17082
17358
17529
17755
18015
18283
18557
18783
19111
19485
19712
19862
19941
20011
20086
20173
20445
20735
20894
21056
21244
21555
21867
22154
22376
22489
22645
22827
22976
23103
23305
23486
23558
23637
23779
23968
24122
24215
24359
24624
25147
25550
25627
25719
25826
25988
26265
26490
26648
26940
27327
27571
27662
27778
27898
27989
28074
28184
28308
28406
28485
28582
28687
28770
28836
28981
29200
29353
29511
29677
29784
29872
29946
30049
30174
30487
30938
31203
31318
31413
31579
31739
31824
31986
32186
32300
32403
32540
32790
33012
33085
33153
33232
33322
33424
33537
33636
33891
34150
34292
34450
34559
34647
34754
34881
35210
35524
35640
35758
35846
35930
36014
36111
36225
