52
136
206
298
383
448
1314
2531
3049
3263
3420
3739
4069
4540
4996
5128
5383
5942
6477
6690
6961
7321
7483
7565
7647
7773
8005
8356
8715
8962
9210
9499
9827
10159
10551
10862
11268
11689
11852
12109
12343
12459
12611
12751
12886
13144
13366
13477
13796
14141
14281
14505
14866
15175
15346
15455
15594
15751
15866
16011
16169
16269
16416
16569
16654
16737
16892
17181
17575
17868
18099
18342
18480
18604
18712
18793
18893
18976
19098
19240
19495
19838
20032
20141
20330
20498
20610
20749
20839
20917
21048
21195
21291
21381
21467
21537
21628
