58
148
268
428
538
720
905
1045
1248
1462
1747
1983
2083
2154
2227
2333
2463
2582
2685
3102
3603
3875
4140
4311
4398
4692
5093
5399
5615
5997
6421
6560
6647
6789
6929
7002
7072
7219
7422
7802
8171
8497
8925
9257
9575
10068
10625
10959
11096
11719
12620
14084
15294
15418
15574
15786
15999
16487
16968
17181
17366
17497
17692
18005
18234
18729
19287
19497
19925
20323
20592
20836
20958
21162
21394
21575
21851
22563
23523
24179
24833
25405
25592
25687
25872
26067
26392
26808
27590
28525
29030
29471
29751
29868
30013
30178
30364
30560
30758
31391
32376
33025
33592
34277
34692
34845
34943
35071
35196
35291
35421
35602
35772
35944
37014
38151
38456
39051
41187
43035
43542
44069
44553
45061
45436
45942
46350
46514
46732
46876
47069
47580
47987
48203
48438
49435
50560
50975
51381
51891
52313
52680
53034
53553
54260
55136
56573
57935
58527
58674
58977
59269
59511
59843
60185
60441
60635
60955
61205
61581
61978
62684
63825
64997
65811
66016
66125
66227
66329
66558
66858
67626
68354
68560
68769
69132
69544
69843
70049
70194
70370
70571
70734
70821
71014
71211
71381
71563
71689
71828
71940
72036
72127
72264
72484
72646
72994
73849
74960
