87
248
365
512
656
765
986
1619
2306
2721
3003
3296
3576
3969
4405
4579
4781
4979
5155
5387
5552
5622
5683
5746
5809
5929
6308
6638
6726
7001
7365
7667
8062
8685
9284
9650
10039
10506
11402
12508
13063
13566
14371
14925
15143
15271
15482
15894
16472
17167
17788
18140
18506
19468
20500
21206
21828
22192
22503
22864
23080
23241
23432
24409
25752
26312
27107
27872
28015
28137
28254
28519
29092
29767
30261
30554
30823
31081
31401
31761
31961
32099
32423
32700
32785
32969
33139
33620
34119
34242
34392
34519
34683
34886
35099
35325
36119
36880
37009
37141
37321
37547
37811
38279
38789
39379
40063
40421
40614
40790
40881
40993
41165
41632
42833
43832
44100
44653
45420
45920
46139
46204
46622
47178
47531
47758
47995
48549
49029
49773
50542
51333
52773
53736
54323
54995
55427
55675
55799
55890
56475
57290
57850
58183
58302
58464
58911
59317
59496
59705
60016
60578
60967
61621
62364
63313
64308
64926
65659
66224
66838
67574
68199
68974
69645
69879
70148
70514
70824
71125
71638
72834
73909
74469
75454
76259
76500
76733
76942
77182
77452
77610
77768
77922
78084
78272
