133
303
375
469
577
658
738
869
991
1090
1268
1543
1965
2300
2425
2784
3297
3658
3907
4177
4461
4663
4813
4923
5385
5868
5985
6063
6149
6420
6676
6747
6918
7100
7443
7793
7931
8065
8486
8961
9290
10056
10641
10729
10822
11380
11947
12371
12797
13143
13469
13805
14583
15124
15257
15369
15453
15537
15601
15693
15800
15877
15970
16076
16156
16231
16611
17096
17402
17696
18255
18788
19459
20129
20421
21423
22300
22424
22552
22733
23674
24565
24666
24732
24794
24888
24994
25117
25393
25646
25867
26081
26274
26461
26545
26631
26709
26808
26919
27045
27188
27303
27400
27480
27647
27858
27985
28066
28217
28413
28537
28696
28866
28984
29112
29275
29433
29526
29593
29666
29774
29894
29982
30485
31196
31669
32223
32585
32660
33115
33572
33666
33805
33931
34272
34646
35654
36648
36799
36923
37164
37768
38246
38882
39556
39737
39847
39934
40022
40175
40391
41338
42249
42356
42516
42680
42820
42972
43130
43355
43588
43796
44009
44412
44751
44976
45245
45423
45675
45905
46134
46375
46527
46770
46976
47142
47403
47808
48230
48428
48658
48913
49074
49234
49375
49580
49744
49965
50228
50366
50463
50918
51486
52527
53598
