129
331
461
653
886
1077
1289
1688
2164
2566
2856
3117
3339
3442
3598
3757
3931
4245
4612
4825
4948
5201
5727
6301
6557
6741
7070
7601
8290
8699
8831
9005
9170
9489
9996
10286
10453
10755
11139
11588
11971
12242
12448
12729
12978
13078
13227
13445
13851
14193
14460
14700
14793
15001
15279
15513
15684
15829
15957
16458
17834
18838
19086
19504
19843
19971
20194
20511
20892
21346
21652
22225
22770
23769
24798
25646
26488
26648
27178
27685
28227
28754
28828
28905
28988
29062
29334
29695
29892
30000
30080
30176
30375
30592
30708
31073
31423
31516
31766
32162
32716
33578
34585
35130
35215
35372
35783
36286
36562
36803
37052
37166
37252
37332
37429
37653
38033
38301
38570
39029
39414
39659
39807
39927
40115
40498
41175
41975
42702
43163
43619
44100
44318
44418
44542
44993
45416
45599
45750
45850
45956
46079
46230
46730
47741
48421
48638
48807
48923
49051
49261
49743
50248
50657
50996
51163
51281
51473
51690
51888
52048
52182
52367
52890
53513
53736
