95
299
496
668
843
972
1054
1154
1357
2129
2899
3226
3452
3546
3877
4281
4440
4801
5417
5761
5874
6242
6646
6783
7034
7302
7418
7740
8391
8861
9081
9283
9443
9776
11757
13715
14031
14185
14284
14456
14641
14731
14804
14900
15000
15120
15242
15377
15510
15699
15935
16098
16496
17048
17442
17664
18086
18482
18549
18646
18749
18830
18980
19129
19209
19293
19406
19533
19627
19705
19799
19894
19983
20081
20175
20307
20431
20728
21994
23385
23840
24104
24463
24692
24985
25303
25746
26199
26354
26447
26781
27217
27400
27521
27635
27817
28022
28165
28657
29178
29327
29424
29537
29665
29828
29992
30136
30281
30418
30523
30703
30913
31048
31150
31241
31347
31437
31620
31956
33001
34134
34448
