123
319
463
581
683
952
1275
1535
2015
2532
3316
4032
4400
4733
4874
4979
5063
5227
5401
5489
5613
5739
5855
5987
6122
6265
6451
6666
6800
6986
7292
7764
8318
9077
9739
10017
10201
10551
10892
11003
11258
11641
12002
12222
12742
13247
13335
13421
13510
13621
13733
14016
14459
14952
15353
15579
16085
16654
16877
16988
17135
17273
17356
17417
17507
17698
18364
19309
19801
20745
21875
22423
22793
23124
23524
23748
24092
24600
24958
25171
25314
25441
25574
25684
25772
25873
25982
26119
26275
26428
26548
26619
26895
27218
27459
27795
28121
28439
28702
28920
29138
29497
29935
30149
30350
30556
30644
30741
31218
31776
32141
32570
32879
33156
33472
33695
34207
34720
34863
35019
35276
35623
36011
36611
37190
37417
37499
37685
37942
38379
38834
39015
39241
39771
40230
40497
40706
40866
41347
41801
42117
42472
42895
43306
43735
44412
44843
45146
45661
46052
46224
46545
46856
47170
47657
48097
48464
48690
48811
49375
50020
50423
50830
51303
51849
52244
52476
