224
532
870
1585
2187
2439
2662
2839
2937
3008
3087
3181
3265
3335
3425
3508
3659
3852
3984
4190
4456
4692
4900
5050
5345
5836
6160
6308
6483
6634
6738
6818
6898
6988
7098
7255
7383
7454
7763
8099
8200
8278
8350
8432
8513
8598
8730
8848
8937
9034
9122
9195
9290
9394
9481
9586
9731
10118
10491
10723
10942
11044
11212
11447
11700
11897
11994
12146
12344
12490
12637
12764
12858
13105
13340
13424
13850
14348
14565
14771
14943
15189
15410
15509
15646
15777
15940
16155
16302
16383
16469
16556
16655
16952
17371
17597
17704
17830
17946
18118
18301
18417
18517
18655
18961
19271
19419
19514
19584
19693
19833
19936
20035
20153
20253
20351
20484
20622
20726
20851
20973
21056
21131
21210
21712
22207
