170
921
1686
2115
2497
2684
2775
3108
3452
3590
3866
4186
4365
4456
4615
4804
5030
5966
7128
7680
7970
8219
8417
8530
8620
8757
8897
8977
9079
9191
9267
9369
9494
9689
9894
10770
11678
11893
12196
12525
12708
12861
13120
13568
14152
14599
14918
15124
15301
15535
15775
16475
17088
17181
17278
17426
17697
18554
19412
19792
20111
20257
21012
21853
22062
22414
22724
22892
23145
23359
23902
24411
24498
25529
26554
26688
26917
27145
27316
27890
28448
28543
28697
28856
28971
29076
29589
30185
30554
30845
31205
31640
31797
32015
32296
32746
33156
33316
33897
34480
34613
35173
35944
36526
