120
375
697
925
1004
1084
1181
1339
1500
1616
1769
1976
2135
2247
2368
2538
2779
2964
3106
3242
3375
3506
3610
3713
3871
4052
4202
4352
4499
4796
5094
5229
5437
5646
5768
6039
6315
6432
6535
6637
6736
6987
7285
7439
7543
7659
7778
7883
7995
8102
8201
8488
8786
8909
9063
9223
9357
9488
9617
9744
9861
9976
10097
10215
10345
10511
10679
10928
11277
11552
11823
12060
12258
12461
12594
12764
12927
13040
13153
13266
13382
13523
13667
13792
14014
14251
14406
14541
14652
14763
14873
14981
15126
15338
15578
15786
15996
16223
16387
16493
16599
16720
16857
17048
17222
17333
17544
17753
17859
17974
18079
18167
18275
18396
18511
18635
18842
19038
19149
19259
19371
19748
20128
20247
20365
20483
20695
21111
21554
21804
22063
22308
22418
22525
22630
22734
22923
23122
23251
23375
23487
23592
23696
23814
23970
24145
24317
24458
24570
24684
24801
24925
25048
25161
25267
25387
25516
25644
25845
26041
26150
26256
26364
26472
26586
26758
26914
27015
27173
27334
27451
27566
27681
28033
28361
28568
28835
29040
29217
29398
29754
30047
30473
31117
31450
31698
31957
32089
32193
32295
32408
32527
32642
32755
33005
33247
33378
33516
33743
33982
34148
34295
34451
34648
34883
35384
35794
35892
35986
36096
36234
36590
36936
37241
37539
37640
37784
37998
38165
38263
38361
38466
38572
38804
39042
39146
39249
39428
39610
39724
39899
40269
40631
40777
40851
41159
41512
41758
41984
42146
42319
42663
42995
43184
43369
43586
43798
43907
44015
44125
44244
44584
45111
45552
45803
45921
46039
46157
46261
46673
47183
47401
47560
47725
47891
48040
48155
48253
48468
48808
49136
49472
49702
49838
50019
50166
50257
50383
50525
50628
50712
50780
50914
51064
51202
51367
51525
51661
51842
52030
52150
52334
52501
52590
52754
52926
53037
53149
53269
53408
53547
53704
54059
54498
54851
55151
55437
55662
55788
55916
56109
56442
56716
56841
56971
57101
57229
57345
57460
57580
57764
57990
58137
58327
58688
58968
59142
59315
59441
59571
59829
60066
60179
60298
60403
60511
60613
60720
60842
60997
61181
61341
61617
61891
62016
62135
62257
62352
62437
62596
62757
62855
62952
63058
63164
63277
63465
63731
63943
64149
64523
65007
65682
66173
66451
66726
66841
66955
67064
67356
67661
68109
68548
68664
68780
68896
69243
69600
69741
70016
70272
70621
71017
71166
71431
71741
71891
71998
72107
72280
72580
72899
73261
73733
74185
74467
74793
75155
75522
75916
76410
