39
120
200
273
356
447
565
704
828
922
1010
1135
1237
1312
1437
1582
1713
1873
2006
2105
2230
2354
2469
2632
2809
3106
3363
3441
3521
3612
3720
3848
3987
4117
4293
4525
4685
4815
5067
5289
5613
5990
6162
6248
6360
6500
6592
6688
6838
7083
7374
7684
8027
8306
8455
8530
8714
8951
9122
9329
9527
9633
9761
10057
10322
10503
10670
10778
10871
10940
11067
11196
11264
11456
11709
12008
12257
12469
12696
12906
13093
13189
13281
13351
13513
13752
13902
14100
14311
14411
14586
14754
14834
14916
15003
15080
15155
15262
15412
15537
15654
15905
16268
16657
17004
17215
17333
17440
17608
17756
17845
17938
18008
18129
18265
18374
18475
18591
18746
18869
18947
19236
19581
19741
19902
20081
20205
20779
21393
21657
21925
22058
22225
22414
22519
22599
22685
22768
22902
23028
23101
23169
23230
23292
23515
23743
23914
24118
24240
24357
24501
24726
24947
25073
25171
25252
25316
25634
25956
26036
26142
26269
26419
26613
26836
26986
27082
27220
27364
27484
27596
27695
27816
27954
28097
28216
28373
28577
28705
28806
28921
29056
29190
29328
29450
29600
29753
29864
30009
30142
30304
30662
31041
31218
31410
31639
31751
31828
31968
32108
32221
32394
32616
32862
33063
33176
33277
33383
33479
33598
33705
33863
34210
34505
34612
34697
34774
34954
35448
35887
36078
36291
36467
