130
475
814
1034
1327
1558
1712
1874
1958
2134
2304
2395
2534
2834
3088
3166
3269
3437
4000
4526
4673
4799
4882
5037
5509
6063
6313
6410
6545
6663
6997
7432
7698
7895
8121
8459
8713
8875
9019
9128
9218
9297
9391
9605
9820
9910
9977
10195
10413
10517
10681
10949
11320
11548
11663
11819
11981
12143
12284
12389
12503
12702
12906
13092
13245
13322
13444
13662
13858
14007
14118
14193
14319
14488
14649
15281
16005
16574
17219
17548
17684
17774
17891
18016
18154
18297
18421
18536
18688
18868
19121
19412
19579
19676
19791
19925
20180
20460
20587
20678
20808
21008
21243
21410
21527
21650
21758
21898
22035
22110
22236
22466
22665
22930
23337
23584
