46
140
222
429
676
861
1008
1107
1747
2490
2750
2999
3210
3362
3536
3793
4396
5031
5350
6543
7727
7871
7985
8098
8173
8238
8307
8396
8491
8692
8904
9022
9185
9456
9749
9992
10236
10518
10753
11009
11258
11502
11736
11841
12300
12812
13011
13157
13435
13788
14788
15820
16514
17841
18969
19724
20250
20608
20975
21206
21403
21574
21697
21836
22003
22158
22413
22620
22742
22926
23514
24841
25813
25995
26114
26341
26557
26675
26797
26941
27074
27207
27351
27529
27835
28086
28362
28631
28768
28991
29251
29484
29708
30181
30667
30893
31031
31172
31334
31464
31659
31851
32022
32881
33781
34367
34943
35115
35209
35307
35514
35848
36069
36196
36391
36625
36876
37205
37505
37776
38411
39194
40124
41829
43009
43162
43299
43489
43745
44480
45159
45328
45732
46783
48035
49195
50021
50271
50481
50762
51129
51491
51675
51795
51891
51983
52095
52237
52451
52807
53220
53699
54098
54291
54450
54620
54794
54976
55415
55929
56499
56986
57124
57305
57650
57975
58287
58729
59159
59475
59733
59954
60113
60222
60539
60864
60956
61126
61304
61401
61552
62394
64319
66859
68405
68668
68785
68952
69135
69250
69374
69496
69694
70091
70829
71613
72145
72502
72799
73096
73363
73553
73653
73764
73919
