29
90
152
222
325
446
600
759
862
938
1034
1148
1264
1359
1431
1537
1675
1791
1876
1972
2066
2173
2336
2481
2593
2726
2846
2941
3030
3112
3195
3273
3386
3537
3646
3754
3872
3952
4043
4139
4222
4303
4383
4472
4574
4676
4797
4923
5014
5114
5288
5451
5534
5597
5673
5791
5944
6060
6149
6241
6334
6424
6528
6664
6790
6886
6995
7121
7238
7389
7532
7623
7694
7788
7998
8265
8454
8584
8738
8903
9120
9312
9480
9683
9820
9945
10093
10223
10412
10584
10681
10811
10918
11014
11285
11569
11671
11737
11802
11875
11959
12085
12200
12269
12339
12407
12500
12621
12757
12867
12938
13002
13090
13180
13246
13309
13600
13895
14009
14127
14203
14318
14495
14636
14752
14926
15071
15155
15224
15307
15392
15460
15548
15693
15846
15953
16045
16138
16226
16313
16417
16512
16655
16795
16899
17046
17184
17291
17370
17492
17621
17750
17909
18030
18138
18237
18319
18396
18467
18537
18618
18729
18842
19010
19168
19252
19359
19459
19536
19621
19898
20209
20330
20411
20503
20616
20736
20832
20912
20998
21088
21177
21283
21716
22168
22310
22408
22477
22559
22652
22796
22954
23063
23158
23292
23419
23506
23614
23753
23895
24042
24357
24632
24715
24819
24931
25084
25219
25293
25371
25440
25512
25612
25720
25853
25975
26051
26175
26316
26407
26490
26580
26694
26839
26962
27058
27148
27329
27610
27830
27951
28069
28183
28294
28402
28478
28566
28686
28797
28895
29032
29140
29220
29306
29391
29496
29609
29716
29815
29895
29993
30141
30258
30334
30429
30511
30610
30744
30854
30958
31066
31145
31253
31395
31497
31578
31664
31744
31956
32182
32282
32365
32437
32512
32600
32707
32821
32921
33010
33100
33188
33283
33379
33468
33556
33672
33908
34106
34201
34411
34622
34811
35014
35166
35275
35350
35432
35518
35592
