152
361
531
714
837
960
1080
1167
1240
1338
1477
1627
1733
1805
1880
1974
2137
2405
2652
2814
2981
3190
3342
3410
3764
4113
4239
4390
4810
5281
5445
5574
5725
5859
6134
6572
6859
6987
7083
7219
7610
7942
8074
8321
8533
8695
8836
8968
9101
9641
10204
10310
10657
11055
11207
11309
11413
11573
11722
11827
11979
12261
12753
13106
13557
14023
14298
14554
14699
14900
15500
16065
16234
16367
16432
16540
16652
16719
16803
16887
16968
17172
17372
17576
17835
17976
18091
18206
18301
18494
18846
19097
19423
19748
19849
20253
20746
20968
21076
21149
21226
21324
21420
21503
21582
22149
22853
23061
23173
23322
23464
23575
24161
24747
24828
24908
25091
25296
25529
25762
25865
26159
26639
26938
27088
27570
28034
28137
28306
28550
28954
29287
29389
29767
30136
30410
31257
31936
32077
32220
32333
32478
32615
32713
32831
32942
33182
33662
34000
34111
34235
34366
34494
34681
34956
35558
36050
36128
36305
36489
36579
36655
36723
36846
37469
38161
38493
38699
38783
38958
39207
39649
40030
40248
40470
40617
40957
41275
41376
41626
41870
41952
42033
42239
42514
42878
43186
43276
43386
43504
43621
43726
43825
43944
44099
44289
44478
44876
45239
45355
45470
45774
46126
46282
46713
47173
47389
47578
47673
47749
47829
47914
47990
48265
48561
48721
48916
49357
49746
49965
50187
50277
50362
50568
50797
50961
51100
51216
51359
51457
51522
51918
52464
