40
121
201
274
371
473
711
1128
1400
1503
1615
1755
1896
2017
2116
2299
2550
2701
2798
2904
3050
3183
3305
3518
3778
3954
4051
4472
4973
5146
5237
5398
5545
5622
6059
6518
6700
6919
7059
7129
7326
7618
7881
8122
8294
8450
8638
8839
9053
9197
9303
9497
9753
9938
10105
10449
10761
10934
11186
11483
11771
12059
12306
12487
12597
12689
12914
13189
13325
13505
13704
13910
14152
14380
14598
14720
14872
15063
15258
15471
15643
16078
16594
16939
17195
17327
17443
17557
17677
17762
17990
18355
18764
19052
19140
19224
19309
19391
19474
20034
20615
20793
20989
21139
21316
21488
21618
21763
21967
22156
22422
22667
22760
23039
23351
23762
24133
24286
24426
24488
24660
24904
25050
25208
25442
25645
26011
26588
26950
27053
27174
27547
28010
28284
28417
28522
28726
29159
29512
29705
29888
30030
30220
30339
30414
30506
30614
30809
31169
31424
31529
31729
31896
31989
32134
32363
32550
32653
32741
32866
33008
33110
33211
33292
33363
33507
33672
33824
34112
34341
34438
34593
34716
34792
35005
35263
35515
