36
127
214
282
393
506
584
757
938
1113
1280
1369
1512
1643
1756
1890
2080
2283
2439
2591
2732
2893
3076
3391
3660
3772
3866
3952
4164
4411
4627
4975
5230
5296
5379
5467
5563
5696
5823
5981
6141
6322
6603
6900
7075
7162
7318
7468
7570
7678
7802
7919
8006
8108
8235
8338
8528
8867
9638
10313
10571
10792
10886
10983
11169
11437
11680
11877
12017
12156
12316
12452
12614
12786
12932
13101
13238
13376
13601
13769
13854
13933
14003
14091
14179
14267
14565
14914
15108
15234
15313
15406
15543
15661
15731
15939
16164
16298
16480
16634
16805
17066
17342
17549
17915
18255
18342
18469
18641
18834
18988
19144
19324
19532
19786
19949
20058
20400
20990
21410
