132
780
1402
1583
1759
2227
2640
2956
3326
3620
3854
3961
4069
4213
4353
4436
4546
4860
5263
5586
5990
6311
6520
6935
7460
7810
8251
8671
8858
9190
9518
9890
10262
10423
10541
10640
10771
10881
11079
11374
11585
11741
11862
11970
12087
12184
12278
12408
12650
12895
13024
13107
13189
13297
13807
14489
14761
14986
15289
15803
16339
16639
16979
17364
17703
17907
18097
18266
18508
18803
18969
19085
19195
19304
19441
19590
19722
19842
19960
20101
20342
20709
21172
21561
21800
21942
22129
22402
22983
23539
23791
24026
24362
24656
24948
25345
25767
26157
26447
26703
26921
27635
28317
28564
