88
214
316
536
730
905
1128
1300
1424
1503
1752
2008
2095
2237
2388
2566
2776
2888
2972
3084
3225
3435
3665
3826
3944
4058
4159
4260
4375
4465
4539
4629
4727
4823
4929
5036
5156
5385
5629
5841
6005
6092
6193
6288
6446
6630
6729
6817
6904
7089
7291
7463
7630
7770
7970
8143
8282
8423
8543
8685
8877
9042
9145
9239
9347
9460
9566
9681
9895
10095
10189
10294
10405
10765
11119
11187
11311
11465
11613
11772
11886
11965
12083
12205
12308
12419
12509
12634
12751
12843
12961
13088
13201
13321
13450
13566
13708
13821
13927
14038
14144
14270
14396
14521
14670
14804
14952
15118
15247
15368
15463
15542
15652
15783
15896
15990
16062
16143
16238
16329
16423
16510
16600
16709
16798
16870
16943
17032
17133
17227
17317
17408
17502
17585
17673
17778
17894
18002
18079
18172
18546
18975
19139
19234
19366
19483
19555
19660
19770
19962
20552
21036
21111
21178
21349
