168
407
567
796
1030
1176
1384
1576
1654
1741
1853
1964
2162
2393
2568
2930
3305
3636
3924
4047
4175
4311
4425
4521
4620
4737
4875
4988
5212
5505
5739
5910
5988
6080
6237
6376
6730
7094
7214
7332
7544
7750
7834
7921
8065
8332
8623
8909
9236
9464
9562
9649
9825
10057
10449
11022
11397
11557
11713
11933
12163
12321
12437
12586
12836
13137
13415
13851
14300
14484
14566
14636
14703
14783
14975
15167
15295
15583
15891
16088
16303
16602
16857
16979
17149
17323
17524
17721
17858
18357
18812
19032
19558
20070
20325
20455
20552
20741
21524
22250
22382
22494
22616
22957
23630
24108
24319
24523
24656
24810
24966
25238
25576
26108
26644
26823
26970
27230
27570
27836
27962
28068
28343
28617
28817
29062
29220
29368
29523
29658
30224
30862
31256
31659
31889
32026
32139
32252
32370
32481
32580
32677
32772
33227
33692
34008
34316
34623
34960
35255
35525
35803
36111
36248
36354
36445
36661
36951
37115
37232
37378
37528
37913
38335
38521
38689
38817
39222
39660
39820
39973
40083
40183
40599
41066
41480
41868
42274
42734
42922
43127
43487
43747
43845
44273
44947
45361
45564
45700
45839
45954
46123
46313
46487
47030
47556
48012
48571
49008
49334
49661
50059
50296
50435
50675
50927
51077
51279
51600
51860
