96
264
379
481
664
974
1195
1268
1351
1523
1727
1844
1927
2065
2369
2634
2802
3048
3296
3446
3512
3589
3732
3890
4338
4770
5076
5384
5583
5929
6243
6406
6547
6725
6892
7254
7580
7697
7810
7889
8020
8245
8407
8607
8845
9040
9192
9267
9355
9456
9606
9735
9812
10157
10537
10839
11192
11446
11694
11896
12291
12712
12864
13139
13439
13569
13690
13936
14238
14553
14798
14983
15314
15547
15740
15981
16219
16637
16985
17158
17297
17512
17724
17812
17989
18160
18247
18343
18465
18593
18689
18797
18943
19083
19224
19343
19692
20053
20167
20333
20503
20653
20808
20988
21127
21192
21256
21517
21848
22153
22424
22555
22662
22753
23179
23627
23818
24005
24157
24294
24388
24686
24970
25157
25387
25526
25629
25744
25869
25968
26074
26544
27050
27332
27556
27663
27811
27921
28021
28180
28444
28694
28835
29038
29223
29427
29643
29893
30197
30386
30573
30757
30934
31203
31438
31663
31866
31954
32056
32344
32632
32752
32887
33009
33249
33527
33773
34003
34143
34263
34366
34610
34849
34980
35102
35194
35305
35423
35539
35654
35824
36066
36243
36337
36423
