130
342
702
1150
1612
1998
2127
2240
2381
2521
2630
2720
2838
3045
3304
3459
3549
3666
3844
4011
4181
4335
4422
4549
4710
4847
4978
5155
5301
5385
5491
5605
5747
5901
6012
6114
6212
6310
6439
6640
6975
7262
7390
7479
7557
7645
7761
7868
8095
8364
8766
9165
9481
9857
10057
10171
10257
10346
10465
10621
10752
10862
10972
11108
11229
11305
11422
11568
11688
11881
12064
12464
12901
13224
13530
13628
13752
13953
14117
14200
14276
14367
14465
14583
14935
15453
15764
15902
15997
16074
16172
16266
16359
16469
16598
16731
16823
16894
17028
17180
17298
17415
17544
17683
17973
18243
18366
18526
18676
18822
18954
19076
19196
19277
19407
19561
19831
20100
20269
20422
20538
20736
20951
21088
21412
21757
21980
22358
22634
22760
22886
23006
23136
23254
23353
23435
23639
23904
24079
24494
24899
25015
25103
25205
25406
25656
25876
26112
26313
26435
26541
27180
27851
28052
28297
28553
28735
28843
28987
29155
29306
29492
29728
29909
30063
30217
30410
30601
30701
30791
31015
31413
31689
31922
32151
32279
32406
32502
32615
32771
32906
33005
33093
33432
33958
34310
34579
34904
35162
35476
35850
36085
36303
36569
36893
37144
37261
37388
37506
37779
38085
38185
38307
38482
38924
39330
39557
39807
40006
40208
40359
40536
40670
40952
41453
41813
41996
42153
42282
42395
42553
42709
42990
43305
43488
43684
43848
43989
44120
44215
44305
44414
44601
44939
45193
45324
45655
46012
46229
46564
46845
46991
47226
47403
47567
47741
47927
48136
48288
48448
48609
48747
48876
49113
49335
49445
49632
49908
50105
50342
50593
50699
50792
50905
51001
51091
51214
51344
51519
51679
51865
52555
53322
53629
53789
53907
54027
54233
54457
54622
54799
54956
55235
55720
56057
56259
56485
56851
57366
57896
58219
58290
58393
58676
58960
59079
59207
59331
59570
59822
59926
60031
60187
60340
60521
60698
61324
62304
62826
62993
63090
63195
63363
63529
63918
64292
64363
64469
65100
65949
66825
67560
67867
68090
68280
