66
166
235
317
400
515
629
709
790
868
990
1115
1206
1285
1481
1716
1869
2011
2157
2303
2399
2525
2658
2752
2881
3009
3094
3180
3339
3500
3623
3758
3860
3964
4123
4274
4422
4589
4734
4861
5012
5140
5227
5307
5388
5513
5632
5705
5770
5850
5938
6007
6114
6226
6412
6601
6716
6850
6958
7044
7192
7341
7418
7552
7687
7778
7898
8003
8084
8337
8585
8818
9113
9282
9414
9529
10127
10731
10823
10893
11001
11118
11218
11729
12220
12334
12459
12540
12613
12700
12948
13188
13280
13418
13544
13639
13742
13851
13957
14087
14325
14539
14654
15062
15469
15565
15665
15805
15926
16030
16126
16239
16374
16498
16644
16775
16929
17090
17184
17289
17438
17619
17762
17930
18141
18254
18422
18588
18658
18764
18947
19137
19277
19403
19548
19714
19884
20070
20310
20495
20711
21063
21357
21551
21727
21859
21976
22130
22269
22366
22533
22722
22947
23170
23278
23389
23576
23822
24112
24368
24489
24609
24743
24836
24980
25331
25644
25752
25845
25966
26071
26157
26308
26463
26559
26678
26819
26934
27040
27128
27192
27298
27505
27750
27992
28186
28360
28524
28666
28803
28921
29063
29218
29356
29460
29630
29831
29965
30070
30172
30256
30325
30413
30508
30588
30663
30766
30867
31036
31269
31508
31771
31946
32052
32202
32347
32562
32801
32935
33025
33098
33192
33276
33371
33482
33600
33699
33790
33893
34041
34195
34293
34373
34441
34643
35060
35379
35557
35865
36117
36228
36320
36391
36484
36575
36653
