408
912
1429
1888
1983
2930
4008
4250
4462
4707
4868
4993
5151
5358
5525
5818
6353
7008
7384
7457
7563
7716
7844
8181
8623
8905
9284
9604
9711
9804
9915
9999
10097
10197
10269
10364
10480
10578
10662
10754
11005
11314
11575
11814
11962
12071
12183
12316
12434
12530
12605
12689
13096
13509
13606
13694
14249
14829
15298
16065
16548
16794
17233
17617
17821
18262
18619
18872
19163
19365
20160
20964
21159
21283
21461
21683
21826
22031
22313
22510
22683
22808
23074
23519
23892
24149
24337
24766
25448
25986
26256
26755
27226
27341
27457
27559
27773
27965
28206
28502
29012
30130
30903
31018
31131
31574
32034
32184
32407
32873
33242
33362
33537
33992
34486
34697
34838
34977
35073
35189
35303
35537
35793
35900
36059
36281
36471
36744
37068
37423
37758
38098
38466
38696
38830
39406
