242
551
1285
2066
2360
2579
2668
2764
2854
2945
3043
3139
3243
3354
3459
3687
3944
4223
4792
5220
5520
5822
5943
6078
6218
6527
6869
7093
7292
7568
8181
8634
8821
9138
9390
9527
9660
9841
10130
10555
10908
11162
11478
11697
11814
11924
12003
12517
13030
13099
13168
13362
13604
13744
13919
14128
14875
15588
16015
16507
16673
16779
16893
18167
19704
20605
21346
21567
21667
21821
21992
22123
22289
22481
22635
22930
23306
23854
24445
25082
25797
26103
26261
26454
26687
27020
27450
28090
28543
28644
28757
29202
30059
30790
31255
31558
31916
32287
32613
32970
33341
34008
34556
34738
34856
34995
35181
35444
35745
36082
36326
36643
36976
37082
37170
37275
37444
37660
37813
37950
38079
38220
38359
38432
38514
38617
38738
38907
39365
39843
40123
40572
40964
41126
41226
41298
41633
42008
42246
42500
42867
43498
43974
44249
44540
44899
45174
45283
45392
45496
45640
45805
45963
46106
46218
46303
46403
46519
46615
46708
46834
47127
47442
47578
47663
47756
47835
47929
48037
48129
48211
48303
48390
48459
48645
48875
49067
49250
49494
50050
50564
50881
51166
51358
51542
51683
51872
52121
52372
52622
53113
53627
53838
53998
54123
54238
54565
54914
55140
55439
55835
56351
56819
57066
57474
57867
58009
58247
58475
58643
58908
59320
59700
59886
59992
60170
60339
60582
60936
61301
61794
62147
62268
62435
62593
62721
62856
63046
63202
63266
63354
63601
63846
63985
64153
64272
64367
64522
64807
65064
65173
65250
65321
65623
66190
66525
66651
66807
66912
66993
67132
67399
67749
67991
68104
68194
68263
68356
68468
68588
68729
68872
68988
69128
69436
69697
69924
70241
70468
70784
71083
71219
71335
71448
71594
71807
72006
72194
72552
72838
72936
73074
73266
73597
73979
74452
74811
74921
75053
75267
75511
75729
75917
76048
76237
76403
76478
76636
76800
76908
77032
77208
77395
77582
77730
77837
78060
78240
78417
78645
79528
80397
80556
80829
81111
81331
81501
81616
81715
81801
81931
82045
82203
82444
82670
83508
84529
84870
