73
185
263
799
1330
1404
1475
1553
1642
1726
1801
1871
1945
2026
2108
2194
2276
2345
2415
2493
2573
2705
3151
3547
3665
3949
4245
4370
4450
4534
4606
4670
4735
4802
4903
5006
5085
5158
5220
5285
5351
5422
5499
5588
5675
5744
5816
5914
6008
6079
6151
6246
6360
6459
6539
6609
6714
6819
6900
7006
7320
7765
8024
8200
8444
8654
8845
9075
9224
9310
9489
10054
10673
10932
11050
11147
11312
11457
11661
11858
11935
12013
12106
12222
12350
12468
12564
12670
12782
12874
12971
13096
13205
13295
13440
13581
13677
13773
13849
13968
14113
14217
14313
14396
14458
14530
14638
14742
14829
14927
15097
15406
15664
15804
15915
15995
16107
16214
16384
16563
16660
16804
16972
17110
17230
17334
17502
17676
17788
18055
18346
18503
18608
18700
18807
18939
19055
19150
19261
19344
19409
19474
19544
19618
19692
19770
19840
19907
19973
20053
20156
20247
20319
20446
20651
20882
21032
21402
21967
22435
22815
24572
