55
142
212
304
412
1760
3299
3607
3760
4322
4830
4908
4982
5106
5301
5439
5525
5639
5775
5945
6104
6212
6294
6400
6533
6690
7045
7634
8113
8470
8731
8853
8983
9170
9362
9518
9668
9776
9932
10101
10203
10328
10485
10684
10951
11156
11372
11589
11791
11980
12074
12173
12290
12395
12488
12625
13009
13388
13577
13925
14351
15280
16106
16256
16458
16719
17123
17772
18219
18670
19200
19412
19736
20144
20389
20586
20719
20793
20914
21041
21120
21225
21342
21433
21597
21845
22020
22103
22191
22304
22391
22461
22552
