70
224
343
414
484
680
1360
1942
2038
2135
2250
2362
2489
2659
2894
3127
3272
3514
3745
3918
4368
4750
5049
5468
6082
6568
6668
6754
6845
6943
7191
7480
7671
7846
7999
8165
8392
8647
8807
9033
9267
9511
9828
10029
10161
10281
10482
10659
10773
10890
11010
11256
11467
11570
12117
12844
13143
13251
13357
13478
13847
14173
14287
14425
14571
14718
14866
15130
15345
15433
15524
15603
15891
16180
16258
16343
16421
16517
16643
16752
16967
17236
17463
17683
17812
18033
18254
18357
18463
18582
18745
19122
19533
19798
20045
20192
20374
20703
20963
21080
21176
21273
21364
21467
21569
21736
22007
22236
22433
22582
22649
22735
22868
22985
23080
23219
23379
23577
23759
23855
24023
24303
24507
24626
24740
24832
25044
25254
25331
25415
25506
26002
26483
26631
26791
26868
27007
27159
27247
27403
27920
28557
28926
29772
30575
30715
30832
30945
31023
31112
31293
31473
31575
31664
31792
31983
32120
32208
32301
32385
32481
32569
32689
32895
33105
33246
33478
33718
33839
34035
34213
34414
34657
34962
35234
35371
35498
35636
35820
36057
36241
36642
37233
37524
38074
39225
