128
378
590
877
1117
1236
1426
1596
1694
1796
1894
1980
2075
2262
2528
2735
2953
3215
3697
4114
4261
4458
4703
4970
5206
5423
5589
5693
5775
5941
6229
6564
6785
6892
7120
7461
7686
7798
7907
8019
8159
8281
8378
8467
8558
8678
8783
8863
9002
9128
9206
9306
9407
9483
9601
9727
9813
9914
9998
10084
10174
10245
10381
10524
10638
10751
10846
10957
11062
11187
11326
11440
11560
11678
11788
11882
12021
12197
12301
12376
12465
12544
12612
12713
12842
12941
13011
13107
13227
13360
13471
13538
13603
13673
13755
13836
13917
14176
14556
14764
14836
14909
14994
15096
15208
15301
15399
15526
15625
15707
15790
15854
15921
15986
16065
16146
16236
16341
16559
16772
16852
16960
17131
17315
17497
17643
17736
17811
17880
17985
18097
18175
18241
18318
18456
18709
18939
19209
19467
19577
19673
19767
19896
20034
20348
20705
20867
20967
21066
21164
21271
21395
21496
21576
21646
21771
21922
22056
22280
22464
22578
22703
22795
22873
22954
23035
23131
23239
23323
23429
23651
23886
24013
24103
24284
24454
24528
24608
24695
24794
24888
24971
25273
25951
26628
27014
27258
27413
27492
27597
27704
27806
27896
28065
28298
28570
28810
29009
29194
29326
29436
29516
29610
29711
29803
29873
29977
30082
30149
30257
30370
30447
30527
30635
30747
30832
30924
31030
31124
31194
31296
31411
31502
31613
31724
31823
31910
31981
32146
32353
32469
32580
32683
32859
33043
33136
33241
33348
33455
33567
33661
33794
33924
34033
34206
34345
34446
34541
34617
34693
34774
34914
35064
36077
37070
37140
37231
37348
37445
37547
37711
37840
38107
38416
38531
38624
38707
38912
39134
39214
39289
39365
39445
39543
39640
39730
39825
39934
40047
40166
40261
40327
40400
40544
40733
40900
41026
41121
41233
41334
41424
41528
41611
41683
41808
41935
42016
42112
42210
42297
42394
43377
44447
44751
44984
45117
45213
45314
45422
45526
45635
45742
45857
45961
46059
46138
46205
46399
46611
46805
46997
47186
47414
47543
47654
47766
47855
47959
48051
48173
48342
48518
48688
48897
49066
49206
49345
49414
49491
49573
49647
49723
49803
49878
49948
50037
50180
50335
50444
50529
50601
50718
50865
50958
51028
51105
51183
51307
51439
51535
51641
51734
51848
51967
52088
52219
52366
52551
52678
52777
52906
53029
53177
53356
53497
53626
53748
53848
53970
54089
54169
54285
54438
54558
54674
54771
54851
54942
55034
55121
55195
55262
55482
55702
55767
55917
56087
56205
56316
56405
56484
56573
56659
56723
56812
56909
56986
57063
57146
57240
57363
57505
57646
57775
57940
58079
58161
58246
58614
59165
59496
59646
59730
59831
59959
60079
60220
60626
60978
61249
61580
61774
61943
62057
62133
62199
62303
62527
62751
62937
63145
63378
63660
63854
63967
64650
65326
65420
65498
65626
65824
65975
66058
66192
66339
66426
66499
66604
66702
66779
66869
67014
67150
67226
67323
67421
67514
67612
67705
67790
67877
67972
68084
68214
68322
68511
68944
69264
69327
69402
69574
69779
69909
70011
70106
70200
70283
70383
70477
70545
70742
70950
71067
71170
71277
71467
71652
72784
73879
73949
74021
74099
74197
74314
74549
74808
74965
75126
75252
75321
75413
75533
75646
75749
75838
75919
76023
76178
76365
76517
76610
76704
76804
77063
77355
77487
77600
77720
77829
77923
78005
78073
78175
78287
78365
78432
78506
78636
78795
78906
78998
79093
79274
79525
79680
79758
79834
79906
79972
80048
80127
80223
80332
80440
80553
80645
80738
80842
80929
80997
81100
81237
81422
81750
82009
82157
82404
82612
82705
82878
83146
83337
83433
83555
83685
83774
83919
84057
84132
84221
84356
84521
84690
84825
84913
85030
85156
85254
85341
85468
85625
85726
85897
86201
86412
86498
86612
86742
86829
86901
86981
87064
87187
87312
87403
87482
87551
87618
87722
87897
88205
88459
88649
88911
89079
89197
89322
89413
89495
89591
90205
90834
90965
91234
91489
91602
91714
91830
91990
92159
92348
92570
92816
93126
93462
93754
93919
94002
94094
94193
94301
94423
94588
94791
94947
95064
95272
95475
95570
95641
95733
95835
95926
96017
96101
96193
96317
96430
96578
96899
97193
97316
97399
97475
97558
97636
97706
97779
97846
97916
97985
98095
98212
98409
98612
98736
98891
99014
99315
99686
99844
