137
306
377
485
609
716
801
904
1011
1096
1221
1334
1408
1495
1614
1730
1851
2107
2345
2465
2567
2648
2744
2894
3023
3117
3454
4036
4421
4818
5171
5243
5409
5662
5824
5974
6151
6291
6426
6691
6992
7128
7224
7319
7539
7755
8022
8671
9155
9288
9402
9498
9680
9937
10092
10169
10291
10456
10578
10727
10892
11006
11197
11654
12107
12273
12400
12600
12814
13066
13252
13322
13398
13478
13552
13841
14199
14343
14455
14625
14773
14867
14989
15290
15673
16333
16880
17663
18495
18626
18712
18812
18924
19086
19221
19305
19396
19505
19612
19710
19825
19942
20055
20174
20311
20711
21117
21382
21893
22263
22447
22641
22790
23055
23307
23411
23548
23775
23938
24074
24222
24407
24571
24664
24924
25160
25263
25361
25808
26515
26859
27003
27176
27321
27498
27823
28083
28170
28317
28471
28550
28641
28744
29238
29875
30224
30761
31332
31712
31940
32089
32318
32985
33812
34490
34939
35045
35136
35237
35348
35425
35534
35711
35851
35924
36004
36096
36169
36320
