33
99
161
223
293
363
447
550
642
730
821
902
1091
1310
1448
1564
1671
1763
1833
1938
2118
2431
2688
2838
2976
3174
3385
3483
3559
3630
3777
4003
4155
4255
4363
4452
4546
4642
4821
4991
5102
5218
5448
5801
6164
6431
6542
6666
6804
6941
7089
7201
7341
7484
7570
7647
7856
8080
8191
8321
8498
8639
8767
8901
9037
9180
9278
9364
9445
9533
9755
9967
10032
10104
10200
10300
10721
11133
11576
12052
12227
12417
12534
12646
12760
12847
12970
13157
13339
13440
13696
14022
14193
14319
14423
14760
15130
15294
15431
15561
15737
16101
16576
16837
16960
17245
17529
17641
17755
17872
17981
18095
18207
18718
19223
19473
19797
19981
20091
20183
20254
20327
20411
20553
20707
20831
20933
20996
21058
21120
21190
21260
