32
120
269
438
570
685
818
933
1082
1222
1309
1418
1526
1646
1774
1903
2005
2074
2212
2383
2491
2604
2732
2854
2965
3046
3143
3363
3671
3925
4164
4343
4438
4585
4728
4843
4973
5166
5426
5638
5799
5941
6095
6398
6690
6840
7006
7176
7343
7568
7766
7915
8257
8884
9343
9488
9623
9791
10143
10782
11432
11862
12100
12216
12464
12725
12857
13022
13239
13579
13847
13956
14062
14157
14238
14340
14487
14620
14744
14953
15165
15292
15408
15546
15755
15978
16090
16177
16304
16465
16602
16785
16951
17191
17449
17581
17759
18102
18590
18900
19009
19174
19345
19451
19592
19734
19830
19947
20055
20168
20342
20552
20726
20882
21167
21484
21662
21767
21854
21931
22049
22177
22353
22524
22692
22911
23094
23343
23573
23698
23941
24212
24353
24465
24707
24977
25293
25700
26040
26304
26487
26617
26747
26914
27065
27227
27529
27796
27927
28069
28189
28333
28481
28881
