52
136
206
298
383
449
609
832
966
1072
1196
1290
1392
1520
1635
1724
1813
1899
2001
2248
2502
2706
3074
3398
3558
3677
3789
3905
4014
4137
4242
4343
4441
4602
4770
4908
5082
5190
5263
5337
5457
5594
5711
5910
6138
6349
6557
6756
6955
7097
7209
7313
7387
7500
7673
7862
8055
8186
8286
8397
8574
8773
9065
9413
9691
9912
10019
10103
10239
10386
10604
10855
10987
11084
11313
11654
12194
12672
12831
12932
13076
13252
13401
13546
13803
14119
14345
14496
14734
14968
15196
15441
15620
15782
15975
16180
16359
16512
16609
16733
16836
16970
17099
17166
17265
17370
17516
17701
17816
17907
18077
18301
18809
19263
19378
19514
19706
19856
20037
20221
20377
20566
20780
21154
21468
21586
21652
21716
21778
21861
