198
461
655
839
1002
1141
1536
1943
2327
2838
3110
3260
3351
3425
3555
3693
3774
3851
3945
4045
4155
4281
4388
4479
4598
4726
4813
4924
5054
5165
5314
5457
5587
5715
5800
5923
6137
6497
6770
6974
7170
7237
7349
7527
7692
7926
8148
8270
8394
8610
8810
8913
9118
9384
9578
9696
9858
10296
10661
10767
10869
10938
11007
11084
11560
12100
12301
12862
13406
13586
13759
13885
14083
14380
14865
15290
15549
15829
16034
16220
16391
16512
16639
16859
17038
17116
17283
17504
17643
17729
17799
17876
18105
18398
18628
19001
19477
19809
19986
20332
20669
20774
20854
21000
21143
21223
21393
21587
21688
21768
21849
21954
22061
22161
22270
22346
22466
22586
22670
22789
22896
22992
23093
23195
23413
23627
23789
23973
24082
24166
24245
24356
24495
24654
24893
25258
25557
25683
25815
25931
26000
26185
26547
26828
26986
27121
27211
27342
27471
27598
27864
28118
28279
28491
28648
28800
29047
29223
29408
29605
30180
30752
30850
30935
31363
31884
32094
32193
32337
32483
32649
32815
32887
33038
33181
33267
33374
33480
33755
34202
34493
34663
34868
35014
35117
35236
35419
35728
35954
36203
36506
36626
36860
37118
37260
37424
37540
37636
37747
37884
38158
38542
38771
38855
38982
39099
39286
39484
39598
39712
39911
40104
40224
40345
40434
40621
40940
41231
41410
41518
41617
41774
41920
42283
42636
42723
42816
42887
42967
43050
43313
43582
43718
43848
43950
44077
44186
44299
44395
44501
44658
44886
45152
45369
45539
45696
45832
45932
46013
46117
46387
46694
46843
47052
47338
47498
47581
47732
47891
48019
48140
48349
48596
48743
48883
49111
49454
49781
49954
50042
50161
50275
50644
51049
51221
51338
51421
51548
51697
52176
52633
52717
52822
52945
53049
53135
53213
53290
53382
53476
53550
53625
54164
54775
55074
55303
55466
55625
55728
55908
56132
56289
56385
56464
56626
56908
57118
57212
57342
57498
57684
57977
58202
58297
58375
58459
58815
59234
59421
59542
59669
