458
1012
1933
2814
2909
3002
3537
4253
4659
4922
5077
5295
5551
5771
6080
6354
6528
6730
6943
7163
7318
7564
7872
8042
8180
8346
8555
8723
8815
8928
9141
9401
9585
9680
9957
10446
10832
11147
11385
11639
11920
12052
12490
13185
13780
14171
14382
14663
14970
15428
15853
16010
16109
16212
16351
16511
16680
16887
17093
17302
17571
17876
18114
18301
18464
18867
19325
19616
19929
20143
20388
20714
20926
21013
21084
21159
21344
21812
22180
22326
22815
23280
23488
23689
23799
23887
23973
24105
24229
24331
24440
24571
24762
24996
25189
25286
25466
25779
25995
27176
28796
29357
29530
29708
29821
29941
30565
31441
31941
32172
32279
32362
32465
32568
32701
32834
32939
33029
33115
33232
33337
33424
33500
33632
33821
33963
34274
34607
34807
34986
35200
35409
35510
35599
35721
35945
36168
36323
36442
36531
36672
36972
37220
37340
37454
37559
37871
38157
38226
38334
38461
38668
38866
38959
39061
39142
39236
39336
39417
39553
39694
39946
41045
