29
96
169
236
301
372
446
960
1632
1939
2620
3648
4160
4476
4790
4912
5092
5281
5402
5552
5735
5870
5968
6229
6497
6577
6683
6796
6922
7035
7099
7168
7256
7594
8060
8455
8714
8850
8984
9077
9278
9528
10182
10786
10946
11102
11259
11473
11628
11716
11799
11891
12027
12157
12251
12399
12576
12733
12946
13246
13545
13726
13831
14056
14305
14439
14568
14681
14746
14828
14911
15004
15129
15233
15330
15525
15853
16083
16220
16592
16932
17098
17424
17726
17847
17921
18032
18181
18311
18408
18525
18660
18744
18953
19195
19357
19561
19712
19885
20186
20407
20536
20835
21101
21184
21283
21407
21609
21796
21895
22044
22276
22807
23310
23477
23587
23707
23918
24110
24285
24486
24634
24859
25063
25217
25683
26197
26494
26751
26900
26982
27072
27434
27920
28128
28197
28462
28765
28940
29083
29174
29312
29529
29757
29978
30131
30260
30406
30630
30907
31107
31271
31372
31472
31605
31775
31940
32051
32232
32448
32606
32968
33348
33535
33692
33792
34123
34472
34858
35230
35327
35425
35539
35655
35738
35811
35886
