35
124
212
752
1291
1389
1531
1961
2417
2625
2807
3023
3245
3449
3722
4111
4383
4585
4800
4969
5211
5387
5514
5648
5767
5860
6118
6383
6471
6562
6970
7426
7621
7853
8039
8127
8206
8350
8602
8839
8990
9838
10752
11076
11965
12723
12830
12983
13143
13245
13492
13853
14055
14208
14378
14567
14757
14947
15148
15261
15357
15499
15653
15970
16474
16775
16972
17267
17806
18274
18460
19123
19845
20064
20187
20323
20522
20702
20800
21055
21294
21376
21513
21638
21709
21901
22255
22535
22692
22857
23005
23515
24034
24204
24417
24751
25062
25251
25438
26256
27026
27143
27261
27351
27442
27680
28291
29004
29692
30131
30301
31297
32336
33050
33811
34129
34359
34614
34853
35012
35230
35555
35901
36328
36752
37053
37320
37696
38341
38873
39054
39929
40846
41303
41719
42464
43233
44253
45269
45550
46478
47581
48135
48387
49085
49888
50245
50677
51013
51137
51214
51354
51829
52236
53009
53996
54374
55431
56445
57321
58246
58450
58663
58853
59295
60469
61580
61964
62074
62281
62493
62619
62790
62933
63236
63659
63843
63997
64170
64347
64528
65057
65831
66184
66276
66364
66724
67122
67273
67419
67649
68043
68414
68844
69181
70168
71201
71334
71488
71942
72368
72576
72820
73028
73231
73406
73646
74058
74520
