30
103
188
267
340
413
487
559
629
709
791
862
933
1003
1077
1162
1238
1309
1405
1494
1573
1660
1736
1805
1904
2022
2156
2282
2436
2666
2819
2918
3072
3228
3354
3455
3582
3707
3877
4058
4242
4410
4528
4657
4774
4913
5083
5241
5409
5571
5658
5731
5963
6198
6277
6348
6518
6690
6836
7074
7236
7316
7427
7527
7597
7663
7738
7825
7949
8075
8156
8232
8314
8389
8625
8994
9398
9715
9855
9991
10147
10394
10629
10729
10866
11062
11274
11430
11628
11969
12279
12624
13175
13905
14379
14497
14568
14701
14881
14995
15074
15171
15254
15349
15447
15537
15636
15725
15828
15941
16144
16370
16507
16645
16766
16893
17133
17363
17508
17981
18564
18875
19050
19148
19254
19377
19526
19642
19777
19948
20061
20147
20227
20290
20367
20450
20528
20638
20751
20831
