54
139
209
301
386
451
1516
2579
3266
4127
4385
4479
4553
4618
4695
4791
4925
5086
5344
5635
5858
6084
6267
6372
6563
6811
7753
8649
8859
9105
9240
9370
9575
9753
10101
10582
10893
11116
11312
11554
11743
11835
11947
12103
12248
12333
12407
12557
12786
13028
13237
13412
13566
13665
13760
13898
14029
14125
14286
14453
14953
15472
15591
15686
15776
15877
15965
16038
16127
16211
16326
16455
16657
16857
16949
17268
17577
17653
17841
18027
18102
18176
18252
18319
18402
18586
18747
18816
18891
19128
19379
19795
20197
20393
20610
20783
21148
21589
22162
22578
22642
22706
22768
22851
