131
327
448
546
637
788
928
1010
1101
1279
1508
1660
1915
2210
2432
2608
2690
2782
2896
3034
3263
3469
3752
4108
4300
4411
4613
4798
4878
5006
5218
5590
5869
5945
6041
6160
6377
6803
7208
7396
7499
7637
8156
8843
9180
9345
9604
9813
10244
10684
10785
10922
11243
11536
11659
11992
12423
12848
13336
13971
14498
14787
15032
15304
15547
15643
15744
15840
15946
16051
16151
16522
17116
17507
17787
18056
18211
18455
18695
18778
18998
19216
19316
19442
19543
19628
19708
19975
20310
20516
20727
20913
21058
21177
21259
21431
21878
22468
22799
22951
23229
23449
23714
23997
24096
24220
24430
24733
25327
25959
26221
26329
26470
26798
27098
27180
27263
27367
27519
27978
28613
28992
29291
29534
29719
29912
30033
30149
30288
30448
30708
30972
31089
31395
31700
31783
31920
32296
32711
32926
33075
33197
33486
34128
34705
34983
35131
35400
35680
35833
36022
36316
36588
36682
36760
36867
36974
37086
37370
37698
37948
38128
38275
38461
38680
38880
39066
39262
39423
39566
39652
39732
39817
39965
40201
40537
40794
40959
41281
41554
41688
41790
42127
42469
42572
42691
42812
43027
43464
43791
43977
44168
44406
45009
45588
45846
46241
46728
46966
47084
47208
47336
47439
47556
47670
47806
48025
48229
48368
48460
48646
49159
49597
49733
49850
50013
50232
50714
51223
51420
51514
51683
51992
52312
52706
52986
