169
437
648
830
1254
1707
1861
2141
2659
3188
3681
4237
4602
4719
4808
4892
4987
5088
5268
5430
5511
5631
5745
5852
5953
6075
6547
7031
7262
7458
7569
7669
7768
7868
8092
8310
8427
8902
9505
9785
10112
10410
10494
10593
10981
11747
12327
12519
12633
12796
12937
13023
13109
13175
13245
13315
13382
13606
14023
14393
14644
15565
17468
19051
19769
20200
20565
21032
21436
21569
21709
21972
22180
22281
22507
22739
23009
23340
23821
24298
24525
24799
25060
25538
26485
27145
27283
27446
27606
27715
27962
28248
28436
28678
28880
28959
29192
29442
29595
29800
30339
30842
30962
31074
31181
31281
31370
31464
31626
31838
32056
32424
33508
34478
34731
34974
35142
35252
35525
