33
101
228
437
657
908
1112
1218
1319
1551
1853
2032
2189
2332
2437
2694
2957
3128
3312
3537
3709
3914
4258
4480
4587
4752
4897
5242
5599
6604
7721
7968
8197
8559
8971
9205
9386
9963
10511
10661
10747
10977
11341
11574
11685
11916
12163
12329
12496
12638
13132
13601
13913
14324
14499
14625
14758
14832
14927
15024
15097
15167
15233
15299
15375
15452
15552
15685
15863
16283
17114
17698
17919
18206
18433
18625
18790
18993
19220
19422
19591
19962
20316
20740
21159
21588
22024
22125
22259
22447
22668
23689
24679
25361
26063
26371
26630
26734
26875
27093
27311
27456
27612
27868
28099
28253
28382
28484
28604
29113
30645
31852
32136
32376
32728
33052
33741
34483
34672
34866
35038
35191
36604
37999
38426
39201
39951
40436
40619
40739
40920
41074
41211
41342
41461
41724
42048
42322
42502
42589
42681
42810
43381
43898
43998
44135
44525
44926
45391
46042
46430
47041
47581
48040
48519
48694
48861
48976
49070
49159
49255
49404
49609
49869
50069
50727
51381
51824
52286
52374
52879
53425
53565
53798
54020
54154
54348
54526
54647
54842
55043
55890
56766
57000
57212
57374
57902
58391
58685
58976
59084
59339
59700
60012
60274
60604
61046
61333
61529
61710
61795
61873
61972
62116
62240
62319
62522
62758
62962
63175
63293
63547
63801
63953
64283
64609
64832
65019
65248
65469
65594
65754
65917
66030
66373
66764
66969
67870
68706
68820
68935
69051
69163
69263
69374
69486
69590
69716
69835
70065
70304
70428
70624
70802
71193
71726
72305
72716
72885
73107
73245
73414
73587
73688
73800
73925
74033
74140
74267
74382
74511
74729
75045
75433
