236
509
583
658
767
877
958
1107
1443
1709
1782
1879
1970
2052
2140
2210
2280
2411
2561
2698
2996
3472
3847
4110
4458
4901
5477
5847
5952
6221
6504
6843
7234
7427
7538
7664
7802
8617
9429
9740
10172
10676
11049
11165
11314
11450
11595
11852
12059
12142
12388
12767
12986
13195
13427
13556
13748
13991
14292
14517
14615
14711
14794
14887
15071
15296
15436
15537
15628
15722
15808
15913
16054
16240
16805
17353
17499
17615
17778
17990
18159
18443
18771
18928
19022
19102
19241
19430
19718
20035
20325
20617
21122
21575
21687
21867
22246
23331
24345
24572
24740
25100
25641
26104
26334
26618
27051
27512
27851
28008
28173
28427
28659
28999
29391
29580
29807
30088
30603
31294
31714
31906
32085
32365
32635
33130
33632
33847
34083
34329
34569
34904
35454
36039
36587
37217
37652
38086
38507
38704
38900
39053
39313
39621
39844
40272
40685
40915
41123
41445
41877
42162
42688
43194
43441
43684
44519
45438
45714
46053
46472
46778
47065
47704
48378
48643
48727
48811
48904
49068
49352
49574
49722
49919
50061
50227
50395
50546
50704
50884
51302
51675
51929
53007
54053
54267
54492
54734
54892
55014
55137
55282
55431
55671
56011
56223
56352
56587
56881
57171
57470
57661
57767
58113
58446
58602
59120
59581
59861
60183
60420
60937
61355
61519
61902
62363
62758
63059
63204
63330
63586
63929
64264
64830
65368
65623
65814
65941
66100
66265
66403
66553
66851
67294
67707
67996
68253
68578
68809
68926
69069
69247
69442
69626
69814
70062
70241
70434
70677
70808
70931
71087
71359
71635
71737
72340
73006
73132
73234
73390
73520
73646
73896
74129
74474
74839
75026
75328
75689
76289
