239
599
779
976
1257
1478
1693
1908
2045
2169
2296
2421
2546
2672
2859
3046
3233
3421
3644
3950
4186
4380
4605
4896
5168
5314
5419
5557
5716
5888
6079
6243
6363
6511
6725
6926
7093
7278
7481
7670
7849
8014
8156
8333
8478
8628
8814
8958
9086
9218
9444
9673
9877
10132
10362
10538
10701
10871
11087
11266
11333
11435
11545
11654
11876
12093
12206
12307
12410
12647
12957
13141
13321
13487
13646
13843
13971
14113
14262
14489
14719
14921
15110
15246
15437
15578
15678
15831
15978
16081
16185
16295
16389
16473
16612
16739
16812
16914
17071
17272
17547
17751
17843
17929
18000
18180
18426
18599
18714
18837
18984
19109
19213
19318
19473
19754
20294
20889
21261
21602
22058
22381
22527
22645
22751
22870
22960
23114
23609
24029
24108
24182
24263
24367
24537
24697
24802
24925
25080
25436
25771
25906
26046
26176
26320
26495
26646
26825
26986
27115
27257
27361
27488
27596
27671
27763
27874
28016
28181
28337
28476
28648
28825
29032
29409
29682
29748
29818
29935
30059
30135
30224
30327
30500
30670
30850
31048
31212
31366
31464
31549
31626
31731
31832
31934
32055
32156
32328
32520
32657
32789
32927
33050
33141
33219
33310
33404
33545
33689
33795
33927
34088
34275
34517
34719
34874
35045
35205
35337
35460
35620
35756
35921
36121
36321
36492
36623
36836
37069
37262
37403
37556
37711
37816
37949
38083
38198
38303
38437
38627
38808
38953
39085
39331
39583
39730
39972
40218
40378
40546
40706
40860
41028
41205
41464
41668
41762
41919
42081
42238
42415
42553
42646
42731
42871
42993
43104
43270
43426
43592
43756
43903
44050
44255
44451
44595
44737
44876
45042
45232
45400
45611
45796
45890
46078
46270
46378
46490
46611
46825
47118
47412
47744
48056
48256
48578
48938
49185
49460
49648
49810
49971
50079
50229
50958
51674
51793
51882
52075
52263
52357
52445
52577
52707
52796
52883
52972
53062
53142
53233
53411
53620
53782
53931
54044
54192
54361
54540
54696
54784
54971
55319
55585
55705
55827
55960
56117
56248
56380
56526
56666
56895
57228
57494
57776
58051
58272
58455
58683
59052
59432
59674
59913
60453
60881
61419
61967
62220
62496
62695
62990
63256
63447
63668
63830
63993
64168
64356
64531
64667
65066
65490
65611
65685
65807
65945
66160
66404
66603
66772
66909
67079
67380
67662
67791
67943
68095
68251
68382
68474
68648
68834
69082
69324
69425
69554
69808
70111
70394
70586
70797
71024
71135
71239
71384
71547
71725
71971
72171
72760
73355
73631
73897
74000
74147
74334
74505
74658
74791
74925
75071
75423
75735
75832
75961
76104
76261
76404
76646
