126
366
553
671
776
897
1143
1400
1537
1658
1858
2045
2126
2209
2287
2386
2545
2675
2810
3210
3608
3798
3926
3997
4157
4568
4914
5387
5895
6033
6197
6418
6586
6738
6890
7022
7209
7435
7640
7897
8160
8315
8467
8724
9005
9270
9505
9653
9819
10013
10282
10617
10991
11260
11652
12273
12593
12719
12848
13026
13270
13594
13858
13998
14485
14932
15164
15557
15818
15936
16027
16190
16571
17167
17633
17932
18317
18674
19019
19450
19781
20098
20441
20616
21164
21763
21963
22135
22579
23050
23201
23343
23505
23739
23942
24026
24294
24719
25158
25527
25722
25931
26237
26449
26608
26766
27428
28110
28318
28552
28776
28964
29314
29729
30312
30837
30951
31035
31122
31452
31956
32582
33042
33422
33942
34218
34354
34532
34997
35480
35657
35777
35900
36012
36117
36184
36322
36570
36767
36854
36941
37213
37512
37641
37791
37957
38150
38706
39302
39730
40152
40344
40456
40610
40788
40995
41339
41656
41940
42420
42950
43424
43686
43771
43885
43998
44079
44192
44374
44724
45092
45278
45401
45601
45827
46010
46155
46249
46317
46411
46657
47063
47495
47902
48245
48435
48583
48757
48928
49185
49563
49844
50034
50228
50360
50686
51124
51471
51823
52164
52463
52751
52985
53121
53205
53332
53551
53755
53934
54157
54459
54672
54760
