228
506
632
769
881
1211
1530
1670
2057
2420
2771
3154
3461
3711
3874
4051
4252
4502
4716
4933
5172
5379
5586
5805
6111
6472
6753
6967
7158
7409
7660
7871
8054
8227
8461
8737
8976
9310
9647
9805
9934
10072
10308
10613
10775
10886
11141
11397
11612
11817
12019
12200
12308
12438
12545
12725
13023
13284
13479
13678
13942
14244
14591
14886
15093
15260
15397
15601
15848
16028
16198
16459
16712
16962
17144
17274
17558
17789
17922
18245
18599
18839
19039
19190
19366
19570
19711
19966
20409
20836
21065
21171
21322
21487
21618
21701
21778
21854
21926
22037
22202
22382
22509
22584
22667
22765
22875
22982
23098
23320
23612
23831
24023
24365
24701
24898
25323
25719
25856
26037
26203
26344
26522
26673
26868
27091
27254
27389
27509
27675
28060
28580
29159
29541
29632
29716
29870
30042
30261
30540
30727
30841
30920
31012
31111
31274
31658
32080
32311
32473
32622
32720
32788
32866
32946
33097
33346
33607
33786
33921
34424
34957
35290
35625
35913
36371
36707
36814
36972
37242
37478
37637
37793
37931
38195
38554
38779
38873
39015
39305
39590
39994
40359
40471
40649
40910
41142
41518
41849
42185
42612
42871
43103
43336
43582
43821
44031
44289
44530
44740
44934
45108
45298
45471
45645
45807
46004
46212
46460
46727
47033
47344
47654
47917
48059
48198
48299
48511
48794
49017
49168
49286
49403
49524
49723
49974
50173
50293
50416
50590
51011
51424
51614
51769
51913
52047
52150
52254
52363
52511
52683
52821
52953
53138
53374
53796
54169
54299
54406
54511
54623
54774
54960
55181
55483
55720
55859
55997
56145
56290
56456
56633
56884
57226
57501
57776
58049
58253
58461
58616
58704
58851
59015
59198
59432
59671
59854
60016
60194
60342
60624
60923
61144
61318
61403
61489
61605
61827
62066
62224
62404
62691
62927
63107
63279
63420
63572
63894
64304
64637
64919
65089
65347
65567
65634
65706
65778
65868
66022
66156
66275
66414
66569
66728
67006
67310
67459
67586
67705
67822
67946
68218
68532
68686
68847
69099
69378
69610
69771
70025
70399
70656
70814
71011
71514
72047
72356
72665
72868
72980
73073
73166
73321
73532
73762
73961
74150
74415
74684
74870
75034
75241
75518
75766
75897
76016
76150
76348
76569
76713
76823
76929
77039
77170
77298
77423
77543
77699
77847
77945
78038
78140
78322
78531
78727
78875
78953
79031
79110
79185
79305
79507
79679
79966
80247
80369
80498
80630
80746
80830
80953
81074
81153
81222
81284
81347
81411
81474
82336
