48
128
192
257
330
433
529
625
813
1012
1170
1285
1359
1524
1820
2206
2516
2718
2911
3192
3629
3945
4075
4239
4640
4973
5115
5505
5826
5959
6250
6488
6724
7156
7480
7604
7696
7795
7898
7994
8064
8214
8397
8695
9009
9126
9232
9567
10622
11542
11731
11862
11965
12032
12246
12829
13323
13499
13626
13716
13812
13899
14022
14209
14421
14683
15109
16042
16736
16838
17511
18262
18589
18806
19084
19401
19777
20217
20478
20695
21687
22779
23096
23267
23719
24156
24281
24469
24602
24782
25020
25283
25504
25648
25837
26101
26366
26787
27235
27483
27683
27802
27891
28195
28493
28712
29204
29696
30062
30288
30378
30463
30555
30660
30742
30823
30924
31024
31114
31313
31800
32257
32484
32631
32720
32809
32901
32983
33051
33124
33418
33723
33874
34039
34179
34324
34426
34494
34569
34642
34742
34914
35133
35407
35639
35767
36060
36347
