132
349
610
860
1010
1384
1733
2069
2426
2557
2723
2906
3056
3176
3260
3384
3514
3646
3822
3946
4065
4210
4314
4757
5298
5655
5931
6031
6101
6224
6346
6509
6719
6972
7349
7774
8355
8827
9100
9418
9718
10025
10302
10487
10627
10841
11155
11542
11910
12168
12344
12491
12660
12924
13201
13353
13510
13814
14117
14273
14432
14679
14893
15000
15202
15468
15671
15947
16163
16260
16443
16617
16753
17008
17270
17662
18124
18695
19178
19478
19733
19812
19929
20134
20348
20594
20943
21219
21357
21463
21702
21972
22134
22294
22620
23052
23396
23608
23712
23811
23983
24261
24464
24587
24840
25195
25460
25623
25758
25869
25952
26072
26241
26418
26635
26858
27118
27401
27611
27867
28183
28560
28838
28954
29159
29556
29879
30078
30351
30639
30908
31085
31358
31657
31814
32139
32575
32820
32920
33029
33215
33383
33480
33603
33807
34017
34363
34795
35007
35207
35406
35665
36155
36503
36628
36719
36812
36981
37447
37912
38106
38279
38503
38747
39077
39336
39420
39511
39611
39697
39812
39943
40097
40286
40506
40669
40770
40930
41226
41481
41581
41987
42466
42651
42772
43060
43420
43704
43944
44286
44576
44649
44730
44853
45016
45364
45750
45950
46098
46227
46359
46575
46791
47023
47308
47490
47676
47970
48455
48910
49091
49215
49366
49473
49572
49681
49854
50199
50447
50560
50878
51189
51314
51431
51530
51622
51732
51962
52547
53050
53251
53454
53605
53907
54398
54689
54780
54907
55020
55146
55347
55495
55630
55825
56021
56176
56295
56491
57060
57620
57796
58110
58418
58714
59115
59338
59515
59745
59955
60215
60457
60659
60918
61190
61567
62011
62268
62485
62773
62937
63076
63261
63673
64484
65056
65235
65484
65699
65917
66308
66594
66689
66849
66990
67089
67230
67362
67562
67789
67899
68063
68231
68327
68515
68745
68919
69229
69585
69774
69903
69992
70120
70262
70476
70894
71212
71415
71606
71948
72619
73162
73369
