91
229
315
392
587
1074
1502
1650
1748
1849
1967
2088
2222
2333
2409
2545
2733
2875
2962
3036
3116
3205
3321
3753
4157
4272
4390
4492
4645
4810
4929
5069
5212
5300
5365
5728
6104
6258
6451
6601
6713
6834
6944
7042
7178
7310
7597
7910
8033
8139
8281
8390
8521
8701
8833
8920
9106
9296
9388
9550
10127
10691
11224
11705
11796
11880
11967
12070
12310
12542
12630
12705
12796
12909
13759
14694
14943
15087
15161
15248
15508
15971
16319
16496
16631
16734
16820
16890
17051
17256
17617
17996
18210
18444
18714
19002
19264
19453
19657
19876
19991
20254
20714
20986
21322
21662
21789
22228
22625
22778
22975
23173
23328
23451
23973
24673
24973
25127
25321
25559
25775
25871
25947
26025
26093
26161
26362
26602
26783
27080
27319
27404
27524
27710
27860
28081
28306
28620
28995
29148
29451
29870
30146
30311
30535
30865
31483
32132
32379
32749
33197
33395
33621
33868
33996
34145
34350
34556
34688
34817
35019
35232
35427
35656
35834
35969
36344
36699
36838
36987
37148
37313
37467
37752
38100
38295
38509
38790
39105
39562
39901
39996
40067
40203
40351
40468
40818
41203
41553
41835
42213
42681
42843
42921
43002
43078
43156
43316
43751
44169
44574
45200
46141
46907
47224
47630
48330
48904
49141
49377
49664
49897
50120
50334
50604
50930
51098
51199
51316
51529
51774
52128
52449
52613
53214
53835
54020
54441
55259
55795
55909
55999
56078
56174
56473
56782
56933
57066
57184
57323
57549
57798
58152
58499
58629
58721
59157
60199
61004
61223
61721
62719
63332
63518
63769
64405
65491
66134
66307
66441
66578
66747
66912
67535
68134
68240
68394
68608
68760
68851
69051
69322
69508
69803
70061
70139
70323
70500
70617
70756
70867
70971
71096
71216
71301
71374
71444
71516
71589
71656
71728
71828
71919
71987
72086
72255
72416
72527
72617
72692
72787
72892
72976
73046
73156
73266
73352
73482
73612
73693
73841
74021
74122
74186
74254
74323
74405
74484
74565
74646
74711
74781
74861
74938
75004
75092
75431
75762
75879
76017
76122
76220
76325
