253
673
927
1055
1139
1270
1488
1658
1733
1828
1926
2057
2189
2268
2343
2491
2717
2939
3278
3602
3990
4716
5256
5472
6034
6562
6681
6798
6968
7362
7687
7751
7823
7939
8118
8452
8839
9199
9457
9570
9680
10404
11118
11233
11382
11497
11815
12223
12785
13418
13676
13798
13919
14082
14267
14401
14521
14620
14756
15142
15569
15796
16025
16280
16749
17175
17359
17511
17611
17752
17890
17992
18076
18398
18754
19083
19473
19707
19877
20007
20143
20437
20822
21337
21842
22267
22946
23515
24031
24470
24579
24705
24851
24949
25272
25608
25982
26358
26477
26945
27428
27639
27905
28101
28252
28555
28989
29418
29789
30473
31135
31506
32085
32704
33350
33863
34105
34247
34449
34718
35004
35463
36092
36627
