85
244
446
765
1090
1328
1658
2157
2712
3053
3258
3780
4404
5002
5592
6150
6520
6626
7033
7453
7840
8233
8502
9162
10031
10513
10639
11044
11853
12523
13207
13734
13895
14361
14901
15223
15483
15764
16248
16760
17185
17579
17811
18012
18230
18447
18987
19435
19892
20375
20597
21340
22171
22691
23173
23742
24140
24213
24556
24927
25049
25191
25922
26834
27370
27720
27888
28334
29138
29707
29929
30090
30720
32497
33968
34309
34542
35144
35795
36389
36966
37577
38118
38305
38644
39205
39579
39896
40563
41248
41632
42022
42699
43186
43435
44261
44967
45959
47422
48192
49170
50039
50316
50623
50971
51686
52549
53112
53604
54455
55163
55527
56445
57319
57656
58030
58391
58897
59381
59701
59991
60522
61255
61825
62631
63265
63443
63589
63854
64343
64741
65009
65317
65512
65680
66089
66692
67073
67362
67708
67947
68213
68515
68690
68847
69217
69532
69753
69967
70371
70964
71427
72022
