105
282
626
972
1094
1196
1297
1555
1810
2016
2247
2478
2707
2840
3149
3638
4131
4516
4699
4829
4962
5059
5245
5486
5695
5875
6003
6125
6230
6312
6397
6497
6617
6738
6832
6911
6985
7051
7140
7247
7589
7945
8104
8262
8438
8602
8705
8815
8934
9056
9178
9284
9390
9490
9573
9685
9803
9953
10087
10161
10255
10339
10402
10473
10572
10678
10774
10873
10983
11132
11368
11586
11794
11974
12085
12272
12437
12526
12601
12685
12785
12880
12983
13078
13157
13234
13327
13716
14350
14699
14801
14904
14990
15220
15448
15521
15618
15755
15881
15967
16056
16149
16235
16331
16419
16485
16573
16688
16800
16888
16970
17046
17136
17255
17355
17434
17515
17843
18182
18295
18475
18676
18786
18960
19310
19552
19644
19826
20054
20235
20348
20440
20528
20621
20716
20798
20907
20999
21092
21211
21304
21368
21456
21553
21637
21742
21841
21927
22031
22127
22218
22318
22439
22544
22681
22844
22937
22998
23224
23459
23551
23644
23817
23989
24313
24644
24955
25273
25395
25534
25638
25938
