29
182
346
428
518
637
858
1103
1263
1436
1619
1758
1870
2065
2305
2432
2498
2569
2641
2756
2886
3190
3538
3683
3778
3853
3914
3994
4236
4586
4867
5290
5645
5749
5845
5998
6214
6423
6657
7153
7585
7728
7958
8295
8639
8849
9083
9449
9754
10053
10495
10873
11131
11542
11835
11990
12339
12886
13362
13850
14313
14798
15236
15521
16136
16674
17081
17427
17755
18114
18278
18434
18568
18693
19000
19322
19534
19795
19984
20200
20572
20874
21022
21178
21350
21463
21773
22351
22904
23346
23633
23836
24027
24267
24724
25450
26206
27064
27743
27946
28097
28291
28638
28993
29353
29667
30009
30396
30625
30854
31082
31514
31952
32474
33059
33345
33592
33849
34106
34846
35489
35582
35688
35792
