53
314
637
802
893
996
1144
1352
1526
1652
1830
2006
2121
2222
2341
2474
2591
2677
2759
2866
2987
3263
3526
3652
3803
3919
4071
4232
4329
4405
4498
4600
4697
4991
5298
5397
5603
5831
5969
6206
6449
6745
7058
7219
7394
7732
8007
8161
8481
8779
9009
9458
10234
10799
11009
11172
11396
11643
11753
11855
11986
12105
12229
12501
12801
12984
13248
13711
14274
14706
14884
15008
15276
15521
15633
15733
15816
15904
15989
16089
16195
16300
16409
16495
16582
16673
16772
16872
17028
17183
17427
17714
17842
18055
18493
18787
18950
19135
19253
19366
19481
19592
19704
19809
19928
20097
20318
20476
20576
20731
21010
21388
21620
21736
21889
