88
243
361
515
663
816
972
1068
1201
1363
1489
1632
1807
1922
1996
2202
2478
2679
2813
3021
3300
3519
3684
3798
3892
4025
4173
4315
4442
4574
4719
4875
5072
5274
5414
5506
5668
5838
5934
6008
6098
6215
6331
6420
6543
6706
6858
7047
7279
7433
7526
7616
7725
7996
8241
8331
8453
8583
8677
8762
8838
8937
9126
9318
9458
9567
9651
9752
9849
10069
10292
10430
10572
10658
10767
10917
11051
11172
11437
11676
11770
11858
11951
12081
12196
12312
12417
12596
12969
13235
13403
13573
13645
13731
13869
14021
14149
14330
14531
14652
14734
14850
14962
15118
15294
15411
15533
15624
15688
15752
15843
15994
16179
16340
16468
16614
16740
16865
17001
17137
17269
17393
17534
17642
17725
17841
17978
18093
18186
18282
18374
18443
18527
18618
18731
18855
18954
19052
19170
19320
19468
19580
19827
20067
20249
20521
20702
20802
20894
20981
21059
21159
21300
21407
21488
21676
21912
22113
22280
22407
22520
22617
22746
22872
22954
23101
23266
23411
23650
23849
23953
24083
24321
24677
24908
25022
25137
25212
25293
25379
25479
25641
25832
26015
26219
26377
26466
26539
26619
26713
26791
26861
26931
27023
27155
27271
27416
27563
27642
27739
27881
28003
28119
28267
28383
28523
28706
28991
29246
29409
29606
29786
29916
30026
30179
30387
30656
30851
30983
31120
31261
31452
31621
31818
31989
32089
32212
32311
32473
32651
32822
33125
33363
33526
33773
33936
34049
34164
34284
34499
34676
34791
35012
35240
35379
35512
35797
36156
36366
36555
36751
36878
37015
37203
37390
37574
37717
37840
37963
38134
38316
38553
38830
38996
39176
39326
39501
39739
40010
40344
40577
40987
41369
41460
41553
41642
41800
42037
42222
42357
42542
42729
42869
43064
43281
43458
43593
43696
43850
44000
44148
44310
44429
44518
44718
45000
45184
45283
45767
46255
46347
46443
46523
46616
46710
46825
46950
47192
47545
47736
47810
47938
48076
48208
48366
48496
48654
48810
48893
48986
49139
49276
49396
49531
49625
49720
49834
49930
50006
50289
50581
50688
50803
50898
50988
51068
51161
51538
51915
52052
52293
52540
52719
52889
53034
53156
53280
53404
53504
53625
53753
53840
53930
54074
54205
54298
54392
54480
54606
54807
54963
55039
55112
55292
55612
55868
56016
56221
56558
56901
57179
57577
57944
58237
58593
58848
59044
59263
59480
59665
59889
60080
60207
60318
60411
60542
60919
61349
61510
61867
62236
62358
62476
62653
62824
62927
63115
63362
63541
63653
63758
63855
63964
64104
64531
64984
65192
65342
65461
65584
65765
65988
66174
66369
66515
66632
66757
66863
66955
67042
67256
67462
67556
67676
67781
67897
68030
68122
68264
68407
68482
68628
68839
68998
69103
69205
69400
69688
69886
70170
70527
70756
70924
71060
71426
71773
71889
72059
72205
72278
72388
72553
72758
72905
73022
73188
73346
73454
73550
73699
73821
73921
74136
74323
74472
74623
74726
74858
75009
75182
75420
