70
199
291
387
520
708
933
1116
1412
1846
2172
2530
2807
2946
3271
3675
4059
4500
4943
5184
5325
5610
6678
7591
7715
7887
8066
8487
8984
9665
10591
11223
11576
11811
12055
12370
12728
13408
14121
14386
14458
14558
14668
14924
15244
15571
15911
16281
16636
16852
17016
17108
17209
17327
17516
17862
18289
18945
19602
20081
20555
21274
21871
21998
22134
22289
22469
22732
23058
23286
23564
23837
24037
24322
24967
25576
26242
26904
27871
28822
28974
29602
30452
30816
30924
31192
31459
31555
31654
31950
32871
33656
33858
34197
34520
35140
35759
36104
36453
36959
37506
37728
37946
38157
38417
38702
38942
39195
39400
39754
40139
40610
41070
41269
41452
41936
42661
43347
44137
44655
44894
45180
46134
47018
47153
47359
47963
48498
48661
48818
49067
49359
49953
50808
51333
51724
52047
52375
52654
52725
