171
428
741
1073
1511
1900
2025
2264
2784
3247
3409
3675
3964
4081
4188
4322
4502
4780
5006
5196
5379
5562
5853
6071
6449
6937
7257
7585
7819
7944
8386
8803
8936
9892
10819
11004
11191
11374
11601
11842
12122
12316
12435
12970
13645
13928
14088
14374
14650
14934
15199
15307
15477
15666
15766
15843
16000
16251
16487
16657
16822
17582
18326
18450
18570
18686
18893
20064
21144
21409
21814
22174
22421
22825
23675
24385
24626
24768
24912
25040
25191
25345
25498
25671
25814
25952
26313
26974
27508
27854
28162
28404
28705
29004
29394
29746
29886
30012
30428
30844
30991
31364
31749
32034
32808
33929
35341
36624
37147
37586
