187
562
783
888
1000
1080
1183
1286
1383
1480
1584
1707
1988
2314
2453
2578
2726
2912
3167
3338
3416
3627
3848
4030
4224
4350
4459
4548
4712
4892
5045
5259
5550
5758
5878
6002
6117
6218
6317
6464
6626
6752
6849
6950
7043
7136
7249
7359
7496
7635
7730
7812
7877
7950
8158
8370
8492
8663
8815
8919
9017
9128
9243
9363
9476
9733
11018
12596
13211
13369
14021
14672
14754
14860
14995
15183
15341
15488
15688
15829
15988
16363
16684
16806
16914
17023
17143
17252
17425
17573
17648
17731
17833
17925
17991
18068
18225
18369
18444
18576
18923
19219
19331
19453
19538
19670
19801
19872
19972
20145
20291
20486
20805
21052
21181
21277
21394
21521
21708
22061
22436
22655
22774
23023
23267
23390
23553
23676
23774
24017
24271
24393
24521
24683
24835
24989
25122
25224
25522
27986
30284
30540
30767
30855
30931
31010
31424
31835
31959
32120
32243
32550
32850
32999
33182
33379
33611
33782
