31
94
156
218
288
358
440
529
625
777
915
1023
1128
1251
1384
1540
1746
2007
2218
2547
2899
3233
3698
3948
4052
4190
4310
4407
4501
4592
4680
4752
4831
5014
5188
5314
5511
5691
5814
5928
6077
6275
6459
6587
6828
7097
7371
7658
7831
8023
8199
8301
8387
8459
8541
8636
8742
8842
8952
9104
9261
9564
9899
10075
10254
10524
10720
10798
10885
11039
11228
11376
11545
11731
11872
12099
12313
12424
12759
13066
13186
13296
13372
13744
14166
14288
14452
14619
14710
14962
15204
15854
16675
17058
17300
17696
18155
18499
18819
19053
19204
19279
19477
19700
19936
20185
20337
20633
20946
21242
21501
21617
21712
21775
21837
21899
21969
22039
