34
131
228
314
399
501
602
707
847
965
1053
1141
1237
1325
1398
1465
1559
1687
1843
1979
2089
2203
2385
2594
2754
2883
2969
3074
3197
3342
3479
3719
4835
5804
5896
5983
6057
6148
6455
6772
6920
7159
7528
7794
7976
8168
8275
8532
8843
9012
9173
9350
9539
9677
9764
10202
10669
10834
10962
11059
11463
11855
11928
12086
12246
12465
12916
13251
13366
13534
13710
13819
13912
14027
14164
14275
14365
14467
15312
16248
16538
16704
16780
16862
17030
17275
17468
17657
18226
19331
20073
20282
20793
21229
21331
21896
22473
22601
22734
22927
23135
23344
23534
23863
24303
24525
24670
24816
24970
25125
25211
25298
25371
25501
25639
25755
26185
26591
26710
26822
26983
27151
27253
27859
28529
28742
28943
29214
29550
29775
29925
30206
30531
30808
31012
31268
31502
31644
31826
32062
32254
32336
32501
32803
33102
33283
33460
33844
34169
34452
34851
35340
35706
35910
36182
36422
36694
36898
37000
37286
37603
37731
37932
38139
38326
38896
39433
39583
39672
39851
40088
40231
40449
40797
41186
41764
42399
42848
43143
43400
43600
43724
43876
44161
44409
44585
44760
44867
45045
45214
45758
46451
46713
46867
47294
47790
47978
48120
48272
48704
49319
49782
50108
50670
51259
51439
51842
52221
52322
52618
52926
53082
53252
53511
53938
54256
54486
54700
54781
55128
55724
56272
56739
57408
58362
58887
59050
59213
59289
59382
59515
59671
59785
59912
60155
60407
60634
61065
61459
61627
61787
61949
62063
62167
62615
63399
63844
64076
64325
64540
64790
64933
65104
65400
65653
66330
66981
67092
67235
67537
67886
68531
69095
69244
69522
69935
70321
70950
71520
71879
72195
72293
72372
72650
72943
73348
73796
73976
74123
74264
74444
74601
74843
75086
75202
75321
75421
75511
75646
75772
75858
76065
76643
77312
77820
78756
79490
79580
79648
79726
79834
80031
