171
429
712
1049
1328
1525
1660
1773
1879
1992
2130
2275
2378
2462
2608
3089
4167
4929
5040
5273
5935
6556
7393
8303
8572
8686
8915
9648
10405
10637
10726
10864
11001
11124
11269
11418
11552
11650
11754
11940
12093
12224
12354
12500
12647
12719
12793
12876
12955
13024
13144
13274
13393
13626
13940
14143
14301
14561
14758
14981
15441
15839
16127
16385
16507
16658
17466
18554
19299
20207
20876
21239
21555
21740
21938
22551
23289
23590
24050
24711
25210
25496
25677
25807
25892
25972
26046
26285
26541
26749
26973
27255
27754
28336
29463
30437
30659
30854
31023
31153
31298
31575
32195
32657
32925
33246
33740
34380
35092
35870
36335
36776
