54
139
209
301
398
519
637
789
995
1159
1278
1518
1777
2090
2378
2468
2587
2719
2826
2926
3033
3124
3229
3427
3628
3735
3809
3888
3969
4081
4236
4366
4469
5403
6397
6557
6784
7018
7434
7855
8051
8295
8438
8563
8727
8853
8943
9033
9212
9435
9609
9870
10108
10345
10569
10644
10719
10794
10869
10954
11114
11523
11867
11986
12172
12437
12640
13109
13559
13712
13875
14066
14276
14380
14490
14627
14728
15002
15282
15437
15668
15819
15954
16108
16203
16278
16348
16423
16975
17537
17656
17785
17885
17972
18081
18203
18485
18964
19292
19427
19636
20776
21806
21870
21934
21996
22079
