32
96
158
220
290
360
444
570
859
1700
2574
3327
3900
4010
4153
4784
5534
5904
6097
6463
6959
7333
7909
8350
8501
8729
8951
9390
9799
9949
10109
10206
10284
10442
10612
10709
10809
10897
10996
11146
11302
11464
11607
11701
11779
11881
12045
12226
12415
12553
12629
12700
12785
12872
13025
13382
13679
13776
13844
13968
14098
14520
14999
15150
15237
15306
15389
15479
15627
15777
16126
16488
16595
16747
16878
16949
17096
17243
17363
17844
18302
18440
18590
18730
18878
19015
19133
19262
19393
19577
19850
20110
20346
20609
20859
21007
21070
21132
21194
21264
21334
