52
135
205
297
405
541
693
835
977
1097
1435
1758
1863
1966
2036
2251
2541
2715
2833
3028
3302
3686
4054
4247
4397
4547
4698
4831
4962
5088
5202
5352
5609
5943
6211
6654
7290
7778
8069
8252
8396
8583
8756
8904
9045
9130
9302
9593
10089
10564
10784
10950
11157
11463
11761
11991
12274
12464
12634
13013
13393
13652
13830
14052
14400
14734
15080
15316
15489
15778
16107
16349
16472
16755
17032
17228
17457
17721
18089
18355
18503
18678
18914
19220
19442
19549
19652
19809
19996
20149
20294
20667
21031
21118
21188
21279
