402
864
1085
1326
1443
1570
1703
1975
2264
2584
2910
3014
3091
3160
3241
3322
3386
3554
3741
3888
4019
4116
4267
4473
4637
4755
4944
5110
5203
5352
5487
5568
5697
5819
5963
6103
6184
6271
6441
6625
6736
6840
6982
7123
7290
7451
7597
7750
7858
8001
8123
8230
8380
8517
8623
8727
8812
8877
8956
9054
9144
9332
9726
10002
10182
10421
10564
10653
10751
10882
10993
11077
11153
11242
11348
11454
11555
11746
11984
12473
13000
13171
13290
13604
13969
14169
14323
14451
14740
15015
15080
15184
15400
15603
15858
16109
16239
16691
17128
17223
17292
17378
17757
18143
18330
18740
19157
19327
19410
19490
19576
19673
19762
19939
20164
20363
20529
20857
21168
21361
21592
21706
21814
22021
22193
22326
22454
22544
22903
23262
23436
23775
24159
24359
24423
24517
24715
24963
25373
25788
26009
26232
26388
26483
26600
26731
26851
26955
27347
27765
27896
28143
28386
28503
28624
28785
29084
29351
29461
29536
29880
30354
30770
31256
31534
31705
31899
32139
32383
32483
32650
32934
33134
33217
33520
33859
33977
34077
34177
34304
34642
34936
35342
35836
36034
36161
36275
36643
37007
37097
37493
37942
38092
38268
38500
38689
38881
39062
39163
39281
39554
39785
39905
40035
40328
40746
40957
41132
41357
41507
41902
42326
42599
42898
43095
43241
43362
43445
43594
43758
43890
44024
44256
44557
44721
44857
45004
45115
45260
45507
45767
45938
46154
46396
46579
46745
46851
47003
47169
47301
47474
47636
47781
47894
48067
48266
48416
48550
48640
48723
48857
48973
49094
49262
49415
49532
49680
49845
49958
50053
50168
50355
50871
51317
51416
51645
51891
52016
52179
52735
53238
53907
54562
54835
55136
55297
55891
56501
57006
57457
58241
59030
59126
59259
59514
59842
60159
60383
60525
60695
60888
61139
61427
61786
62225
62612
63380
64516
65170
65352
65518
65850
66584
67361
67686
68241
69124
69535
69738
69948
70034
70131
70425
70765
71050
71311
71519
71771
72177
72497
73040
73618
73858
74316
74641
74983
75345
75471
75614
75793
76072
76349
76628
76857
77058
77256
77482
77871
78164
78312
78434
78537
78689
78913
79280
79593
79748
79880
79984
80214
80517
80691
80804
80932
81045
81141
81253
81360
81453
81638
81796
81874
82017
82155
82249
82341
82436
82579
82734
82855
82941
83006
83075
83157
83275
83408
83505
83594
83730
83860
83938
84095
84271
84374
84504
84635
84771
84947
85105
85280
85503
85662
85801
85933
86022
86107
86249
86455
86595
86681
86766
86876
87019
87315
87820
