37
116
196
269
366
553
708
788
868
994
1135
1226
1308
1401
1514
1644
1814
2090
2553
2962
3123
3231
3410
3585
3835
4069
4163
4410
4748
4999
5204
5347
5473
5621
5767
5909
6356
6961
7538
7968
8163
8328
8435
8559
8749
8895
8971
9143
9347
9479
9584
9688
9937
10217
10374
10581
10901
11133
11221
11301
11753
12259
12472
12865
13526
14041
14230
14584
14941
15057
15295
15597
15766
15886
15991
16138
16287
16373
16452
16534
16641
16791
16926
17058
17251
17748
18179
18359
18573
18766
18982
19207
19408
19563
19679
19772
19878
19971
20084
20179
20259
20384
20506
20597
20842
21186
21401
21518
21600
21699
21794
21885
21977
22087
22193
22331
22534
22684
22808
22962
23158
23303
23387
23503
23866
24199
24310
24422
24492
24590
24716
24829
24936
25098
25263
25372
25449
25583
25730
25846
25993
26148
26514
26839
26911
27011
27133
27298
27481
27646
28010
28460
28715
28847
29183
29529
29713
29996
30214
30325
30498
30662
30740
30814
31095
31427
31732
32005
32256
32517
32649
32803
33050
33253
33425
33591
33722
33945
34212
34599
34953
35160
35314
35394
35463
35540
35622
35691
35762
35833
35898
35988
