29
112
207
288
374
495
648
802
978
1161
1317
1439
1531
1619
1763
1941
2136
3142
4081
4182
4326
5056
6216
6885
7205
7691
8867
10173
10718
11215
11924
12297
13201
14143
14414
14733
14924
15151
15519
15782
15965
16144
16288
16422
16539
16787
17593
18299
18431
18957
19628
20026
20344
21413
22415
22610
22818
23339
23847
24215
24756
25049
25339
25880
26434
26721
26820
26936
27326
27725
28287
29296
30228
30744
31258
31681
31747
31877
32047
32171
32345
33034
35239
37190
37551
38292
39075
39294
39706
40091
40274
40390
40490
40635
41294
41904
42092
42328
42466
42640
42803
42912
43029
43117
43213
43462
43686
43857
44081
44311
44561
44727
44908
45132
45266
45359
45619
46132
46550
46732
46867
47001
47238
47678
48050
48224
48358
48601
48949
49208
49520
