162
412
589
734
935
1179
1423
1700
1997
2287
2504
2725
2919
3455
4115
4369
4475
4856
5767
6661
7243
7600
7756
7944
8118
8295
8704
9165
9417
9518
9665
10013
10328
10516
10783
11246
11757
12143
12498
12735
12871
13156
13489
13701
13886
14264
14742
15673
16633
16951
17251
17557
17755
18091
18588
18887
19146
19401
19525
19676
19934
20211
20396
21055
21857
22223
22639
23110
23464
23777
24322
25153
25698
25966
26271
26781
27287
27665
28439
29553
30232
30543
30826
30998
31188
31433
31914
32588
33127
33462
33654
33891
34121
34235
34340
34452
34597
34931
35226
35357
35600
35851
36031
