65
172
265
365
518
690
883
1120
1330
1527
1658
1837
2078
2339
2636
2814
3271
3752
3913
4119
4591
5060
5246
5353
5428
5571
6039
6582
6880
7161
7609
8050
8344
8545
8680
8865
9377
10014
10457
10773
11008
11238
11577
12091
12471
12598
13041
13560
13730
13916
14658
15759
16318
16470
16615
16782
16937
17028
17121
17265
17389
17476
17620
17756
17961
18288
18528
18670
18859
19079
19226
19374
19601
19820
20224
20836
21274
21888
22497
22674
22771
23207
23683
23839
23946
24041
24165
24453
24945
25415
25903
26252
26370
26481
26602
26747
26900
27076
27302
27534
27718
28080
28523
28781
28942
29052
29141
29367
29767
30020
30411
31099
31485
31595
31707
31847
32018
32151
32596
33099
33314
33677
34000
34305
35569
36632
36748
36887
36988
37080
37166
37268
37361
37502
37752
37940
38199
38702
39065
39230
39433
40043
40623
41123
41594
41714
42202
42751
42972
43172
43466
43726
43994
44330
44662
44913
45073
45871
46646
46797
47035
47261
47394
47563
47707
47822
48005
48335
48642
48876
49386
50137
50649
50957
51420
51798
51982
52159
52308
52490
52679
52808
53252
54210
55013
55467
55745
55867
56192
56552
56711
56857
