414
919
1482
2094
2401
2643
2775
2880
3065
3256
3421
3598
3716
3867
4122
4347
4534
5028
5501
5735
5920
6004
6079
6184
6310
6408
6486
6572
6675
6845
7117
7316
7413
7519
7716
7920
8063
8190
8278
8399
8537
8662
8800
8950
9143
9384
9618
9784
10012
10257
10395
10513
10665
10806
10910
11023
11148
11306
11518
11775
11933
12014
12127
12388
12726
13314
13799
13981
14205
14333
14415
14483
14555
14635
14802
15082
15850
16510
16611
16701
16780
16852
16929
17210
17639
17886
17996
18109
18220
18425
18653
18798
18904
19096
20071
21065
21423
21702
22143
22558
22686
22816
23027
23501
23863
23969
24082
24166
24326
24716
25112
25475
25988
26382
26575
26768
26930
27006
27177
27375
27681
27978
28087
28186
28265
28418
28593
28726
29184
29618
29785
30036
30231
30388
30558
30745
30969
31151
31331
31726
32098
32489
32849
32975
33156
33327
33454
33643
33945
34412
34815
35119
35354
35459
35768
36223
36873
37502
37757
37940
38151
38376
38567
38670
38841
