34
108
179
508
862
956
1026
1094
1200
1332
1437
1526
1744
1951
2020
2090
2169
2280
2403
2575
2879
3112
3189
3294
3405
3476
3539
3610
3697
3894
4078
4155
4244
4342
4428
4543
4666
4780
4892
4999
5129
5327
5552
5772
5949
6033
6111
6190
6295
6432
6553
6649
6746
6851
6977
7093
7173
7238
7315
7403
7488
7577
7657
7729
7809
7900
7989
8066
8137
8208
8290
8374
8538
8707
8788
8967
9270
9559
9797
9941
10009
10101
10241
10411
10609
10754
10817
10885
10961
11075
11213
11447
11668
11758
11829
11892
11963
12438
13034
13234
13307
13378
13458
13756
14050
14121
14199
14322
14497
14722
14909
15011
15100
15184
15252
15315
15381
15451
15521
15585
15651
15752
15862
16240
16618
16713
16826
16923
16990
17063
17154
17264
17395
17541
17667
17767
17859
17959
18049
18138
18234
18313
18385
18456
18530
18628
18839
19053
19202
19326
19411
19564
19703
19789
19880
20017
20204
20415
20619
20800
20958
21066
21153
21225
21305
21424
21533
21615
21699
21767
21846
21973
22117
22220
22297
22381
22535
22698
22835
22970
23100
23236
23354
23463
23550
23625
23715
23862
24129
24343
24606
24949
25180
25403
25606
25878
26192
26404
26884
27402
27562
27717
27885
28032
28372
