53
137
207
299
384
448
534
626
767
1077
1327
1422
1714
2113
2306
2422
2615
2909
3294
3633
3879
4045
4137
4215
4304
4416
4559
4678
4781
4987
5383
5789
6061
6230
6333
6609
6968
7376
7791
8015
8228
8397
8472
8547
8622
8697
8894
9109
9289
9470
9928
10503
10995
11356
11591
11879
12010
12151
12363
12543
12685
12829
12967
13067
13213
13447
13634
13895
14131
14346
14779
15313
15630
15707
15923
16138
16216
16431
16655
16869
17070
17270
17593
17827
18079
18309
18404
18553
18802
19015
19130
19216
19301
19386
19589
20024
20721
21233
21444
21693
21900
22131
22318
22382
22446
22508
22591
