35
103
165
227
297
367
449
577
693
771
866
1008
1138
1267
1425
1536
1635
1750
1920
2112
2314
2471
2619
2872
3184
3414
3646
4054
4420
4666
4900
5085
5245
5393
5566
5749
5876
6081
6314
6447
6563
6712
6916
7243
7516
7662
7779
7883
7980
8054
8131
8206
8273
8502
8838
9065
9314
9531
9773
10041
10290
10560
10780
10945
11061
11171
11315
11479
11590
11777
12085
12302
12391
12472
13340
14213
14283
14363
14541
14785
14963
15121
15247
15312
15431
15571
15687
15791
15882
15966
16078
16189
16257
16346
16840
17411
17598
17800
18948
20102
20323
20519
20679
20762
20876
20979
21080
21177
21357
21544
21621
