54
204
390
534
651
771
877
1007
1174
1314
1397
1469
1590
1727
1826
1924
2045
2146
2232
2453
2662
2763
2948
3142
3332
3513
3619
3943
4256
4327
4402
4499
4596
4701
5001
5286
5380
5502
5617
5716
5852
6018
6165
6250
6341
6457
6585
6692
6773
7343
8091
8429
8580
8721
8930
9275
9792
10598
11352
11859
12176
12247
12351
12533
13394
14384
14660
14761
14885
15196
15525
15682
15838
16066
16635
17173
17536
17829
17935
18285
18621
18945
19668
20152
20232
20600
21731
22677
22888
23040
23378
24072
25565
26669
26764
26839
26959
27081
27490
28075
28376
28664
28937
29390
30082
30748
31240
31502
31920
32430
32764
32940
33063
33177
33317
33443
33534
33630
33977
34430
34899
35316
35462
35564
35660
35746
