448
1002
1468
1960
2219
2855
3442
3583
3749
3885
3984
4398
4835
4997
5504
6001
6327
6652
7080
7971
8543
8686
8977
9234
9338
9851
10422
10578
10681
10779
10890
11024
11313
11592
11699
11791
11877
11965
12062
12150
12249
12443
12629
12721
12803
13022
13287
13450
13638
13813
14240
15736
16989
17239
17610
18049
18378
18569
18703
18858
18973
19078
19175
19268
19476
19713
19904
20552
21195
21395
21534
21626
21748
21910
22303
22843
23445
24160
24598
25047
25458
25790
26162
26441
26813
27185
27610
27915
28091
28226
28310
28388
28472
28636
28822
28940
29048
29155
29376
29721
30066
30418
31445
32341
32414
32550
32716
32851
32996
33116
33604
34091
34201
34417
34615
35407
37078
38131
38369
38864
39305
39460
39612
39732
39848
39966
40185
40611
40928
41020
41121
41256
41416
41552
41703
41875
41998
42498
43013
43160
43296
