389
874
1338
2157
2716
3040
3341
3522
3782
4000
4123
4260
4704
5111
5188
5322
5485
5598
5690
6006
6355
6532
6688
6859
7072
7501
7869
8012
8160
8598
9022
9546
10134
10279
10491
11123
11708
12079
12467
12646
12728
12895
13104
13533
13981
14129
14211
14284
14363
14548
14738
14960
15210
15416
15684
15924
16148
16418
16720
17096
17447
18348
20213
21529
21834
22239
22614
23155
23681
23769
23921
24091
24227
24424
24613
25093
25687
26253
26701
26822
27182
27533
27659
28271
28845
29183
30489
31761
32101
32264
33435
34630
35022
35392
35624
35940
36404
36786
37170
37710
38456
40143
