120
284
374
468
605
755
925
1108
1286
1457
1590
1778
2025
2205
2743
3274
3366
3879
4725
5364
5710
5939
6135
6294
6437
6516
6607
6711
6927
7167
7370
7587
7984
8408
8582
8679
8763
8845
8988
9232
9414
9815
10298
10488
10661
10840
11030
11207
11318
11437
12071
12701
12858
12994
13162
13337
13445
13621
13891
14121
14292
14470
14943
15377
15578
15778
15932
16144
16414
16625
16750
16981
17288
17496
17640
17783
17868
17991
18134
18289
18541
18756
18933
19219
19601
20137
20551
20714
20852
21137
21493
21693
21873
22151
22832
23455
23662
23879
24133
24860
25591
25857
26045
26292
26524
26655
26816
26943
27047
27493
28079
28591
29126
29395
29507
29604
29676
29758
29892
30042
30282
30492
30594
30804
31016
31140
31335
31591
31959
32439
32762
33059
33428
33723
34140
34648
34974
35406
35797
35962
36291
36620
36836
37059
37382
38253
39081
39326
39514
39731
39926
40117
40360
40622
40897
41234
41583
42111
42617
42843
43147
43422
43515
43930
44716
45273
45494
45762
46194
46518
46778
47064
47239
47379
47722
48162
48405
48561
48749
48945
49155
49436
49628
49839
50685
51421
51523
51598
51851
52219
52423
52502
52597
52779
53001
53175
53343
53483
53603
53928
54246
