89
217
294
367
439
522
639
874
1150
1472
2368
3600
4197
4369
4720
5113
5690
6403
7550
8792
9568
10278
11063
11909
12977
13994
14946
15937
16529
16843
17501
18278
19716
21077
21827
22854
23427
24246
28832
32865
33213
34444
35699
36019
36618
37262
38866
40475
40862
41209
41754
42375
42586
42799
43074
43407
43981
44891
45577
46510
47590
48127
48909
49499
50573
52479
53538
53900
54354
55603
56645
56984
57458
57706
58772
60450
61184
61502
62599
63568
64162
64690
64939
65831
66967
67627
68063
68571
69118
69482
70021
70548
70692
