362
794
918
1344
1780
2025
2319
2654
3004
4257
5455
5586
5727
6326
6922
7087
7223
7322
7467
7801
8889
9928
10470
10936
11453
12033
12702
13371
13617
13929
14376
15267
16096
16521
16921
17220
17664
18003
18168
18309
18409
18580
18812
19026
19217
19365
20062
20838
21108
21315
21491
21818
22173
22362
22561
22759
23002
23260
23486
23901
24265
24444
24724
24962
25367
25963
26310
26506
26766
26981
27098
27671
28250
28505
28763
28909
29019
29159
29350
29531
29732
29966
30146
30331
30502
30657
30861
31002
