88
213
283
348
414
507
613
915
1360
1595
1693
1817
2109
2485
2953
3358
3647
4090
4499
4810
5209
5609
5839
5953
6031
6112
6509
7130
7688
8029
8257
8806
9408
9692
10249
11141
11614
11890
12218
12548
13185
13771
14124
14530
15154
15998
16890
17424
17543
17928
18498
18890
19126
19313
19479
19666
19865
20075
20371
20664
20869
21017
21469
22013
22716
23301
23443
23705
23948
24133
24352
24672
25282
25828
26017
26160
26568
26925
27510
28712
29472
29655
30242
30824
30969
31128
31278
31583
31897
32003
32129
32291
32466
32654
32793
32964
33175
33348
33480
33801
34232
34663
