396
887
1781
2663
2794
2998
3377
3675
3837
4129
4593
5012
5233
5325
5392
5466
5696
6042
6340
6520
6595
6700
6803
6876
6979
7105
7202
7302
7643
7957
8032
8138
8253
8344
8421
9367
10316
10417
10569
10713
10962
11255
11526
11865
12225
12612
12849
12966
13085
13172
13260
13353
13449
13633
13845
13975
14181
14496
14762
14902
14979
15108
15417
15738
15998
16229
16341
16430
16521
16610
16734
16868
17043
17203
17276
17401
17530
17620
18335
19047
19135
19281
19421
19504
19874
20293
20494
20721
20943
21117
21228
21392
21574
21771
22067
22490
22795
22862
22974
23091
23213
23498
23825
24092
24302
24511
24871
25254
25514
26026
26541
26707
26839
27101
27367
27476
27594
27710
27796
27886
28064
28265
28376
28514
28752
28929
29033
29228
29396
29521
29690
29826
30016
30193
30349
30707
31172
31589
31843
31994
32141
32330
32653
33057
33531
34133
34521
34668
34831
35016
35273
35461
35620
35938
36207
36771
37505
38132
38905
39631
40081
40235
40522
41420
