179
427
544
664
828
1056
1246
1400
1626
1799
2040
2289
2570
2831
2952
3120
3577
3994
4224
4448
4530
4786
5090
5672
6213
6300
6894
7491
7862
8343
8573
8828
9206
9831
10382
10554
10851
11495
12003
12640
13282
13611
14069
14530
14918
15336
15629
16247
16995
17229
17308
17398
17622
17916
18137
18355
18514
18686
18976
19475
19856
20000
20422
20829
20950
21273
21630
21749
22328
22900
23085
23632
24080
24166
24243
24494
24939
25286
25520
26050
26581
26759
26855
26996
27358
27700
28039
28669
29465
30285
31346
32044
32212
32428
32689
32944
33309
33848
34183
34475
35069
35539
35694
35809
35946
36076
36275
36502
36642
36764
36939
37178
37351
37474
37646
38138
38597
38745
38917
39378
39890
40122
40255
40596
41024
42248
43417
43591
43778
43959
44294
45609
46808
47181
47491
47695
48471
49663
50300
50440
50766
51382
51935
52475
52981
53196
53268
