244
547
641
717
806
962
1099
1182
1285
1366
1441
1521
1590
1653
1754
1865
1940
2031
2523
3050
3187
3305
3422
3519
3651
3860
4041
4744
5530
5694
5827
6011
6159
6547
6900
6972
7077
7232
7381
7542
7782
8070
8401
8660
8832
9080
9289
9432
9652
10134
10526
10610
10776
11005
11171
11289
11448
11594
11712
11818
11953
12281
12599
12836
13076
13283
13461
13608
13734
13824
13988
14232
14423
14517
14641
14781
14874
15096
15382
15586
15761
15882
15997
16122
16571
17027
17200
17394
17519
17602
17684
17863
18032
18230
18696
19030
19106
19233
19413
19581
19976
20344
20528
20818
21348
21886
22220
22608
22877
23312
23826
24046
24163
24257
24436
24602
24698
25022
25403
25542
25755
26003
26158
26286
26426
26574
26713
26911
27050
27125
27207
27318
27467
27605
27749
27905
28219
28518
28719
29183
29559
29726
29936
30088
30244
30430
30556
30713
30861
30934
31116
31422
31721
32013
32292
32455
32614
32815
32944
33080
33244
33514
33951
34229
34324
34422
34654
34968
35137
35222
35510
35848
35988
36118
36260
36416
36543
36679
37089
37492
37666
37802
37929
38083
38391
38692
38856
38995
39084
39152
39216
39291
39371
39444
39519
39606
39704
39801
39882
40005
40131
40219
40377
40548
40644
40881
41133
41277
41533
41728
42007
42298
42623
42984
43129
43290
43445
43702
43949
44065
44350
44617
44713
44926
45334
45648
45926
46229
46415
46544
46723
46930
47078
47306
47655
47887
47971
48456
48954
49183
49420
49525
49805
50088
50341
51061
51613
51979
52512
52784
52891
53006
53174
53489
53748
53856
54434
55133
55476
55668
55763
55985
56209
56313
56754
57373
57687
57856
58277
58679
58915
59130
59325
59575
59700
59894
60108
60342
60581
60684
60763
60849
61014
61296
61503
61795
62088
62290
62917
63473
63865
64220
64439
64636
64780
65022
65190
65417
65728
65886
65985
66102
66309
66718
67036
67215
67477
67705
67898
68061
68153
68292
68882
69446
69569
69672
69762
69844
69958
70129
70343
70492
70624
70747
70844
71033
71265
71431
71536
71657
71838
72034
72187
72429
72670
72809
72968
73135
73262
73408
73592
73836
74036
74159
74334
74543
74722
74883
75036
75134
75230
75316
75442
75594
75696
75769
76015
76339
76551
76688
76767
76968
77239
77435
77679
78007
78256
78469
78702
78922
79269
79929
80744
81229
81448
81609
81805
82043
82256
82535
82740
82996
83246
83404
84145
84882
85041
85131
85271
85429
85533
85759
86311
86725
87016
87397
87703
87923
88031
88154
88273
88384
88795
89285
89526
89927
90277
90496
90719
91082
91740
92168
92356
92528
92696
93246
93745
93926
94138
94289
94594
94880
95042
95337
95602
95742
95861
96150
96418
96710
97113
97531
97938
98156
98412
98760
99277
