242
847
1425
1717
1833
1925
2145
2512
2864
3093
3217
3503
3807
4036
4388
4686
4910
5090
5208
5431
5749
6079
6719
7217
7309
7390
7622
7856
7969
8279
8565
8693
8827
8963
9178
9369
9926
10498
10600
10783
10970
11043
11136
11267
11453
11620
11762
12199
12602
12699
12805
12905
12980
13244
13836
14328
14492
14749
15228
15558
15965
16352
16492
16624
16809
16990
17109
17230
17314
17470
17709
17868
17964
18117
18257
18357
18489
18624
18890
19137
19227
19324
19442
19550
19651
19786
19903
19989
20166
20336
20419
20650
20961
21123
21326
21529
21638
21781
21952
22151
22308
22472
22678
22859
22973
23164
23397
23576
23718
23831
23981
24163
24303
24537
24792
25060
25309
25571
25946
26158
26326
26463
26656
26877
27100
27487
27770
28076
28391
28510
28893
29273
29376
29608
29817
30012
30205
30376
30587
30694
30759
30889
31048
31140
31279
31465
31700
32093
32487
32705
32947
33171
33394
33666
34132
34548
34809
35065
35200
35338
35447
35575
35825
36068
36226
36399
36529
36631
36748
36897
37022
37336
37636
37857
38109
38340
38633
38803
38940
39099
39214
39353
39502
39731
39967
40267
40582
40739
40851
40926
41198
41613
41971
42342
42738
43149
43773
44316
44681
45044
45231
45366
45538
45727
46026
46308
46419
46851
47312
47426
47690
47945
48394
48908
49073
49195
49339
49549
49710
49797
49908
50050
50300
50515
50605
50679
50799
50961
51122
51307
51812
52289
52578
52832
53047
53324
53509
53646
53776
53894
53968
54062
54160
54358
54584
54864
55113
55190
55500
55945
56153
56391
56772
57015
57143
57246
57381
57572
57904
58207
58353
58508
58702
59034
59288
59508
59726
59908
60117
60214
60371
60668
60918
61107
61255
61461
61665
61753
62310
62955
63155
63458
63893
64233
64416
64832
65253
65341
65661
66093
66316
66444
66840
67257
67450
67674
67856
68027
68180
68597
69029
69300
69585
69689
69852
70163
70386
70468
70538
70607
70825
71048
71142
71272
71482
71654
71843
72045
72302
72663
72935
73120
73636
74155
74325
74473
74784
75086
75157
75318
75824
76247
76346
76438
76855
77373
77558
77727
77899
78026
78205
78345
78452
78574
78762
78962
79104
79217
79305
79393
79634
79879
79979
80097
80267
80445
80564
80692
80848
81000
81122
81212
81381
81646
81961
82174
82247
82476
82732
82944
83128
83235
83392
83506
83609
83782
83916
84003
84115
84210
84348
84588
84773
84935
85100
85412
85803
86041
86620
87371
87689
88032
88610
88919
89041
89349
89764
89995
90222
90454
90549
90632
90700
91078
91677
92025
92334
92596
92806
93091
93306
93494
93678
93824
94144
94443
94579
94777
95078
95338
95694
96224
96502
96639
96831
97006
97282
97523
97744
98110
98387
98626
98830
98926
98991
99064
99393
99734
99845
