57
160
240
349
488
625
749
844
934
1048
1171
1292
1391
1463
1536
1657
1790
1933
2077
2199
2332
2480
2638
2983
3479
3995
4401
4592
4836
5060
5169
5293
5613
6257
6699
6853
7073
7257
7415
7604
7798
8295
8831
9291
10114
10835
11227
11839
12529
14788
16866
17449
18818
19789
19981
20125
20249
20358
20506
20635
20738
20855
21030
21185
21282
21591
21954
22717
23699
24535
25393
25806
25932
26039
26138
26404
26749
26956
27246
27551
27764
28079
29053
31100
32438
32685
32904
33033
33175
33327
33490
33695
33942
34174
34753
35646
36280
36851
37396
38093
38872
39501
40210
40712
40913
41027
41179
41371
41576
41853
42580
43334
43605
44117
44686
45189
45690
46035
46674
47176
47383
47695
47940
48032
48395
49018
49675
50165
50419
50571
50719
50937
51089
51205
51318
51494
51687
51807
52009
53139
54767
55761
56161
56256
56650
57203
57591
57883
58472
59142
59525
60536
61856
62572
62912
63145
63339
63520
63761
64124
64498
64729
64904
65101
65246
65495
65810
66037
66243
67104
67971
68103
68191
68451
68719
68847
69817
70904
71149
