415
926
1561
2247
2468
2696
2911
3082
3379
3614
3772
3990
4133
4325
4606
4797
4911
5019
5133
5235
5325
5476
5631
5740
5874
5994
6196
7247
8181
8275
8388
8490
8605
8889
9154
9348
9539
9670
9942
10313
10720
11043
11256
11403
11477
11571
11675
11780
12086
12437
12592
12762
12951
13366
13919
14189
14505
14793
14864
15089
15410
15744
16366
17311
17871
17972
18072
18166
18393
18641
18900
19272
19609
19797
19969
20141
20218
20450
20717
20898
21210
21530
21693
21815
22369
22976
23382
23749
23910
24090
24323
24876
25412
26014
26614
26762
26967
27187
27335
27605
27953
28152
28320
28708
29388
30037
30311
30493
30763
31057
31364
31622
31779
31885
32133
32375
32724
33157
33371
33578
33794
33959
34087
34233
34358
34427
34727
35158
35482
35789
35988
36088
36195
36282
36365
36455
36600
36753
36850
37114
37366
37447
37769
38123
38269
38486
38982
40029
40775
40869
40954
41054
41199
