206
458
549
646
739
812
881
1033
1219
1333
1465
1720
2176
2590
2963
3242
3457
3680
3822
4011
4187
4426
4640
4737
4804
4902
5034
5210
5385
5496
5625
5759
5955
6233
6421
6524
6611
6700
6780
6858
6959
7074
7176
7249
7331
7464
7640
7838
8010
8139
8291
8476
8616
8710
8803
8939
9217
9449
9539
9625
9740
9861
9996
10155
10278
10407
10555
10727
10868
10955
11027
11131
11235
11321
11415
11502
11590
11667
11759
11887
12020
12118
12197
12370
12763
13159
13403
13564
13657
13751
13852
13998
14155
14345
14554
14677
14858
