170
427
1096
1795
2027
2211
2401
2605
2733
2917
3224
3663
4036
4179
4281
4828
5524
5820
6268
6785
7242
7808
8192
8402
8659
9243
9712
9811
10225
10696
10868
11009
11392
11741
11890
12107
12358
12975
13638
13965
14186
14434
14839
15512
16356
17153
17755
18112
18592
19033
19195
19370
19619
19865
20030
20181
20312
20406
20540
20726
21160
21528
21679
21906
22127
22442
22770
22981
23176
23412
23937
24379
24557
25195
26421
27404
27805
27998
28258
28521
28793
29221
29723
30054
30485
30934
31472
32118
32439
32701
33082
33479
33663
33744
33908
34232
34494
34620
34728
34986
35445
35865
36215
36532
