200
501
690
1078
1476
1792
2067
2169
2292
2431
2585
2764
3029
3253
3390
3524
3611
3747
3894
4001
4083
4222
4372
4483
4610
4701
4783
4867
4933
5011
5095
5171
5239
5321
5412
5490
5565
5637
5718
5796
5866
5945
6024
6162
6601
7073
7299
7436
7543
7691
7856
7994
8105
8248
8447
8654
8836
8978
9086
9189
9281
9521
9797
10000
10311
10650
10884
11056
11381
11734
11932
12068
12179
12278
12365
12445
12548
12665
12906
13156
13301
13427
13535
13659
13806
13933
14037
14162
14258
14357
14598
14892
15089
15205
15381
15629
15808
15915
15999
16101
16202
16336
16472
16577
16718
16846
17060
17264
17337
17445
17559
17664
17840
18056
18194
18265
18381
18498
18612
19039
19465
19604
19875
20152
20312
20507
20682
20815
20945
21213
21509
21646
21747
21882
22038
22181
22281
22424
22561
22688
22856
22990
23131
23277
23400
23502
23623
23763
23887
24090
24320
24460
24713
24975
25156
25391
25583
25730
25972
26211
26376
26516
26618
26715
26783
26850
26935
27030
27112
27206
27297
27381
27475
27569
27661
27762
27850
27940
28089
28234
28352
28547
28748
28875
29096
29370
30164
30927
31058
31142
31250
31380
31526
31659
31887
32205
32489
32728
32867
32966
33089
33202
33276
33386
33994
34562
34670
34777
34876
35246
35961
36710
37097
37263
37465
37650
37823
37939
38089
38323
38579
38806
39038
39234
39363
39498
39633
39829
40114
40433
40684
41036
41340
41533
42006
42374
42761
43208
43381
43492
43691
43924
44327
44750
44911
45027
45175
45302
45399
45574
45753
45923
46061
46187
46317
46601
46939
47142
47361
47529
47635
47744
47939
48130
48226
48337
48464
48563
48659
48752
48843
48941
49020
49180
49468
50053
50837
51381
51647
51760
51833
51905
52147
52793
53274
53466
53807
54144
54515
54823
54964
55085
55255
55395
55815
56269
56383
56463
56648
56889
57066
57359
57639
57886
58113
58245
58371
58472
58564
58672
58777
58848
58923
59004
59149
59325
59460
59567
59641
59732
59844
59987
60206
60524
60765
60868
61020
61195
61320
61423
61515
61602
61768
61944
62181
62641
63009
63164
63275
63400
63567
63722
63860
64136
64387
64611
64863
64993
65131
65274
65492
65750
65889
66033
66207
66457
66834
67472
68002
68178
68340
68453
69618
71602
72500
72775
73147
73319
73388
73499
74024
74507
74575
74658
74780
75034
75355
75528
75674
75995
76396
76828
77176
77444
77841
