132
345
502
708
980
1271
1532
2013
2748
3728
4434
4795
5439
6507
7599
8062
8193
8341
8527
8669
8772
9010
9291
9701
10171
10600
11020
11343
11592
11832
12055
12228
12421
12593
12727
13176
13616
13708
13864
14021
14153
14519
14861
15038
15308
15584
16059
16595
16860
17521
18197
18352
18466
18672
18973
19608
20365
20711
20884
21036
21138
21216
21310
21418
21541
21657
21734
22039
22431
22685
22856
23045
23234
23393
23971
24478
24621
24925
25441
25791
25962
26200
26401
27786
29213
30193
31154
31374
31535
31748
31942
32028
32121
32215
32314
32445
32600
32794
33010
33134
33558
34095
36422
39403
41394
42622
43074
44647
45988
46246
46424
47143
47808
48792
49921
50884
51869
52269
52484
52548
