185
403
477
790
1096
1216
1349
1436
1557
1711
1839
1959
2066
2178
2275
2339
2423
2596
2959
3422
4069
4529
4598
5404
6216
6400
6910
7332
7418
7482
7552
7639
7778
7971
8138
8302
8570
8804
8934
9072
9183
9384
9601
9772
10094
10336
10604
10864
10975
11165
11431
11830
12156
12281
12376
12525
12658
12765
12871
12944
13037
13131
13247
13526
13765
13851
13963
14082
14199
14307
14384
14466
14626
14811
15122
15473
16106
16749
16933
17029
17108
17199
17299
17397
17474
17539
17655
17803
17901
18005
18121
18197
18272
18346
18409
18480
18572
18662
18753
18850
18934
19034
19123
19193
19268
19339
19437
19551
19644
19721
19787
19852
19930
20032
20274
20522
20617
20716
20831
21010
21251
21411
21526
21633
21788
22019
22198
22370
22570
22694
22810
22920
22998
23122
23238
23320
23409
23505
23588
23657
23728
23849
23982
24133
24267
24372
24482
24608
24818
25042
25214
25491
25760
25883
26049
26207
26325
