165
418
659
1095
1421
1575
2218
2880
3084
3212
3366
3546
3878
4198
4334
4767
5211
5363
5650
5898
5985
6192
6442
6747
7066
7311
7598
7929
8287
8525
8662
8835
9070
9396
9663
9788
10005
10281
10754
11431
11968
12469
13194
14694
15817
16061
16487
16887
17129
17297
17436
17688
17936
18114
18375
18747
19082
19312
19495
19614
19739
19913
20102
20243
20327
20438
21038
21724
21996
22176
22399
22744
23053
23297
23459
23863
24881
25828
26169
26256
26428
26881
27412
27764
27985
28196
28369
28441
28516
28716
28954
29234
29548
29737
30039
30628
31238
31825
32419
32799
33055
33302
33546
33793
34000
34385
34928
35315
35745
36128
36337
36645
