130
322
425
511
623
744
857
981
1102
1283
1568
1783
1940
2181
2390
2521
2826
3268
3637
3856
4617
5433
5958
6572
6846
7025
7401
7733
7834
7962
8304
8615
8738
8930
9186
9584
10283
10778
10886
10980
11253
11888
12380
12511
12592
12776
13107
13371
13493
13653
13813
13907
14031
14155
14243
14309
14380
14457
14528
14598
14671
14826
14996
15149
15428
15674
15809
15974
16137
16390
16698
16945
17189
17373
17654
18200
18657
18816
18911
19143
19504
20070
20490
20576
20668
20757
20884
21131
21333
21722
22155
22348
22539
22686
22812
22915
23034
23239
23522
23704
23820
23952
24716
25635
25900
26032
26497
26930
27031
27128
27193
27261
27349
27441
27539
27704
27928
28100
28332
28546
28655
29050
29789
30304
30501
31567
32602
32786
33025
33224
33637
34042
34201
34340
34539
34739
34948
35152
35321
35592
35779
35885
36423
36971
37101
38297
39475
39573
39712
39899
40348
40720
41038
41787
42397
42687
43368
44036
44254
44592
45187
45592
46144
46965
47554
48000
48248
48367
48906
49459
49612
49741
49863
49978
50404
50909
51105
51344
51723
52124
52459
52677
52791
52891
53074
53388
53639
