36
113
193
266
363
554
856
1294
1698
2125
2524
2680
2951
3331
3742
4214
4500
4628
4798
5182
5548
6013
6442
6555
6661
6760
6910
7084
7697
8562
8920
8992
9070
9150
9226
9302
9378
9454
9530
9606
9682
9758
9834
9910
10447
11436
11985
12089
12186
12852
13563
13757
13906
14492
15152
15493
15897
16135
16240
16333
16405
16491
16578
16918
17363
17570
18048
18652
19293
19787
20062
20459
20693
20810
20946
21066
21150
21234
21303
21902
22505
22616
22768
23040
23312
23490
23703
23887
24125
24419
24609
24815
25156
26049
27123
27791
28225
28501
28697
28947
29171
29272
29399
29518
29674
30033
30546
31231
31970
32343
33131
34044
34272
34348
34418
34494
34576
34654
34728
34926
35161
35325
35482
35633
35754
35824
35900
35987
36067
36150
36289
