413
921
1569
2197
2536
3225
4025
4569
5048
5462
5694
6031
6294
6431
6711
6951
7342
7983
8370
8533
8925
9449
9872
10243
10457
10661
11067
11631
12116
12359
12488
12627
12752
12870
12957
13034
13135
13284
13437
13540
13614
13756
13972
14255
14566
14790
14941
15221
15586
16082
16548
16704
16781
16864
17112
17445
17703
18049
18343
18465
18568
18717
18965
19393
19781
19931
20046
20199
20566
20936
21108
21349
21646
21891
22046
22206
22420
22594
22692
22949
23265
23616
23998
24224
24567
24892
25089
25401
25730
26172
26549
26788
27033
27358
27683
27816
27907
27976
28053
28300
28566
28675
28836
29104
29351
29532
30429
31571
31983
32101
32170
32620
33073
33366
33730
33985
34927
35847
36015
36128
36308
36473
36604
36726
36811
36913
37023
37484
38220
38578
38654
38735
39119
40446
