147
374
678
1376
2088
2459
2639
3059
3612
4128
4570
4794
5279
5681
5752
5851
5989
6095
6184
6291
6405
6506
6609
6730
6869
6993
7074
7153
7222
7287
7469
7798
8424
8915
9026
9129
9204
9273
9344
9426
9702
10074
10432
10686
10767
10848
10949
11201
11487
11660
11991
12433
13054
13660
14644
15561
15803
16017
16125
16213
16407
16700
16936
17285
17714
18064
18339
18524
18831
19093
19189
19308
20463
21820
22289
22554
22665
22758
23056
23561
23998
24231
25220
26550
27242
27745
28241
28993
29536
29704
29901
30093
30218
30374
30666
31113
31647
32241
32657
32837
33222
33723
33985
34145
34548
35130
35686
36263
36683
