32
97
159
221
291
361
443
659
920
1063
1326
1625
2021
2519
2784
3153
3554
3703
4038
4653
5053
5182
5419
5801
6031
6160
6316
6409
6499
6711
6972
7123
7281
7435
7505
7573
7662
7744
7817
7920
8049
8184
8290
8447
8636
8988
9307
9380
9611
9868
9966
10119
10582
10995
11138
11252
11336
11443
11552
11644
11722
11902
12137
12415
12743
13129
13421
13646
13854
14095
14357
14443
14600
14879
15073
15207
15432
15610
15698
16033
17175
18084
18205
18306
18417
18527
18603
18706
18808
18902
19029
19190
19347
19545
19714
19779
20304
20829
20892
20954
21016
21086
21156
