83
338
594
741
885
1039
1202
1326
1452
1586
1730
1891
2074
2280
2469
2753
3120
3393
3548
3729
3911
4081
4278
4455
4593
4716
4834
5001
5609
6155
6247
6409
6793
7386
7789
7912
8194
8522
8653
8764
8927
9110
9270
9390
9541
9723
9940
10231
10587
10906
11148
11327
11540
11768
11887
12093
12292
12548
12908
13100
13391
13667
13798
13954
14103
14361
14613
14968
15349
15490
15587
15939
16283
16417
16623
16910
17128
17284
17416
17494
17749
18017
18341
18726
18927
19298
19805
20126
20300
20547
21278
21898
22001
22333
22749
23017
23209
23375
23560
23978
24389
24572
24771
25168
25731
26077
26403
26707
26867
27779
28673
29198
29745
31002
32287
32559
32850
34207
35594
36158
36671
