132
380
539
628
743
891
1028
1161
1268
1359
1460
1545
1661
1787
1900
2010
2140
2454
2737
3053
3507
4005
5022
5943
6362
6683
6966
7207
7616
7986
8191
8425
8590
8783
8959
9528
10308
10643
10829
11012
11336
11739
12005
12388
12751
12949
13065
13187
13419
13631
13805
13953
14053
14517
15031
15229
15351
15777
16347
16752
17068
17246
17388
17555
18019
19048
19856
20539
21154
21262
21508
21857
22231
22645
23101
23567
23890
24053
24491
25224
25660
26171
26821
27561
28104
28592
29247
29556
29687
29877
30134
30687
31370
31685
31800
31904
32031
32233
32629
32981
33169
33328
33472
33824
34411
34854
35152
35445
35683
36002
36285
36736
37184
37317
37853
38383
38588
38852
39210
39569
39896
40142
40243
40366
40503
40692
41207
42018
42750
43149
43287
43450
43652
43937
44254
44995
45655
46239
46848
47034
47241
47389
47665
47960
48282
48734
49017
49876
51501
52706
53261
53502
53707
53940
54165
54580
55429
56178
56386
56537
56690
56794
56869
57058
57313
57555
57909
58165
58274
58409
58623
58940
59220
59365
59605
59878
60263
60619
60721
60912
61108
61263
61410
61547
61744
62016
62232
62463
62983
63539
63797
64340
65090
65434
65931
66388
66488
66596
66687
66891
67107
67310
67578
67916
68316
68676
68940
69138
69375
69521
69726
70171
71007
71854
72533
73177
74220
75423
75917
76073
76296
76518
76723
77225
77637
77781
78429
79040
79166
79353
79695
80305
81136
81617
81723
81989
