135
315
408
537
661
784
950
1109
1319
1500
1586
1673
1804
2008
2198
2342
2451
2840
3306
3551
3802
4003
4183
4316
4485
4705
4898
5186
5751
6388
6972
7350
7450
7728
8185
8598
9110
9538
9675
9769
9868
9962
10116
10554
10942
11079
11207
11327
11468
11969
12469
12589
12674
12773
12887
13078
13761
14355
14484
14734
15551
16376
16913
17501
18097
18532
18680
18802
19110
19553
19787
19878
20385
21131
21781
22507
22959
23234
23476
23660
24471
25562
26165
26655
27150
27409
27637
27921
28099
28458
29085
29723
30333
30965
31325
31420
31515
31648
31829
32437
33027
33399
33967
34300
34416
34584
34744
34861
34978
35081
35373
35912
36588
37071
37296
37527
37952
38316
38447
38563
38658
38756
38849
39255
39904
40629
41112
41238
41447
41614
41694
41780
41907
42146
42349
42517
42933
43402
43626
43950
44285
44458
44624
44775
44918
45050
45193
45299
45422
45678
45930
46045
46277
46529
46671
46793
47030
47493
47843
47955
48027
48116
48221
48402
48569
48747
48988
49159
49453
49959
50357
50553
50662
50732
50978
51405
51817
52223
52626
52884
