32
98
162
224
308
393
458
654
926
1095
1184
1296
1477
1770
2006
2135
2262
2354
2488
2642
2785
2908
3060
3194
3266
3599
4045
4284
4689
5089
5245
5414
5557
5757
6032
6223
6383
6552
6735
6898
7026
7266
7550
7721
7818
7910
8050
8221
8373
8499
8630
8810
8978
9077
9185
9378
9615
9793
9927
10189
10437
10533
10635
10816
11025
11200
11323
11436
11929
12382
12449
12521
12590
12658
12726
12794
12863
12936
13045
13160
13249
13322
13383
13447
13513
13582
13652
13726
13805
14254
14704
14776
14874
15050
15292
15526
15707
15841
15964
16064
16237
16455
16633
16784
16909
17021
17156
17326
17436
17541
17749
17989
18152
18257
18392
18538
18638
18738
18829
18907
19026
19302
20304
21185
21495
21788
21875
21945
22036
