131
303
374
492
639
756
856
951
1046
1126
1290
1472
1613
1734
1857
2213
2699
2987
3492
3957
4130
4537
5261
6166
6872
7285
7559
7720
8064
8678
9033
9572
10262
10598
10783
10935
11076
11144
11230
11542
11883
12081
12317
12497
13073
13626
13736
13956
14168
14338
14536
14798
15076
15241
15376
15520
15891
16325
16514
16911
17441
17927
18278
18459
18630
18913
19364
19887
20282
20584
20866
21544
22552
23222
23744
24197
24724
25101
25276
25489
25619
26288
27188
27559
27796
28035
28215
28700
29254
29815
30363
30648
31418
32098
32450
32949
33314
33863
34935
36287
37079
37674
38684
39355
39605
40087
40919
41449
42026
42714
43243
43931
44858
45871
46346
46473
46723
47000
47719
48743
49383
49908
50571
51766
52839
53156
