40
158
289
405
502
572
642
713
784
861
949
1036
1113
1282
1676
1978
2049
2135
2249
2359
2469
2581
2670
2774
2900
3005
3083
3155
3233
3317
3397
3497
3619
3788
3963
4117
4289
4437
4548
4686
4850
4994
5131
5276
5438
5599
5726
5828
5924
6002
6091
6244
6379
6557
6742
6837
6936
7011
7102
7200
7457
7716
7860
8002
8147
8287
8376
8471
8547
8644
8755
8849
8939
9021
9098
9192
9307
9416
9533
9743
9943
10045
10136
10253
10470
10654
10794
10939
11091
11331
11504
11593
11737
11936
12129
12261
12428
12607
12727
12860
13018
13198
13322
13405
13482
13602
13820
14027
14144
14251
14378
14505
14615
14710
14928
15126
15219
15339
15440
15550
15663
15773
15903
16021
16107
16203
16338
16457
16579
16703
17252
17914
18468
18905
19037
19281
19534
19820
20100
20397
20667
20783
20886
20993
21085
21162
21263
21533
21793
21902
21995
22105
22255
22389
22569
22761
22862
22994
23162
23277
23374
23459
23546
23648
23744
24074
24660
25106
25294
25374
25462
25670
26019
26347
26600
26800
26943
27062
27174
27303
27427
27557
27702
27871
28201
28457
28529
28612
28737
28899
29025
29170
29331
29426
29584
29749
29825
29893
29958
30051
30162
30250
30323
30408
30507
30630
30780
30899
30977
31064
31168
31274
31416
31545
31688
31832
32116
32413
32526
32650
32770
32879
32995
33116
33259
33441
33599
33744
33896
34203
34529
34662
34761
34846
34919
35000
35108
35377
35994
