81
210
404
625
793
922
1004
1240
1472
1576
1670
1783
2034
2815
3485
3626
3777
3924
4159
4418
4596
4732
4850
4966
5072
5166
5306
5454
5717
6081
6284
6421
6578
6716
6967
7190
7312
7437
7654
7881
8013
8173
8434
8656
8757
8870
8970
9089
9309
9538
9681
9826
10084
10351
10480
10548
10633
10734
10951
11170
11256
11338
11449
11561
11940
12364
12599
12783
12897
13019
13156
13317
13607
13955
14334
14806
15182
15406
15558
15835
16105
16265
16448
16635
16807
16928
17068
17302
17499
17610
18030
18462
18594
18788
19008
19140
19259
19411
19604
19835
20033
20215
