169
418
559
741
940
1103
1301
1526
1753
1921
2070
2227
2342
2496
2644
2905
3260
3602
3889
4052
4343
4678
4937
5274
5520
5625
5886
6148
6259
6580
6897
7012
7241
7478
7672
8040
9147
10084
10383
11070
11909
12630
13160
13487
13916
14550
15408
16141
16750
17182
17315
17542
18219
18946
19214
19333
19426
19515
19865
20551
21237
21648
21921
22143
22230
22321
22426
22885
23423
23634
23963
24300
24684
25153
25396
25807
26541
27010
27158
27293
27408
27512
27655
27967
28289
28471
28607
28716
29013
29916
31243
32504
33226
33647
33996
34122
34321
34894
35377
35609
36165
36967
38138
39350
39977
40491
41233
41729
42141
42714
43170
43800
44374
44552
44745
45024
45310
45821
46661
47657
48265
48489
48709
49067
49524
49737
49937
50299
50596
51088
51710
52232
52755
53016
