268
592
685
859
1044
1179
1346
1508
1769
2056
2223
2356
2849
3391
3559
3940
4342
4532
4814
5221
5505
5970
6747
7187
7613
8232
8658
8992
9309
9790
10393
10854
11155
11293
11557
12207
12926
13449
13946
14326
14619
14817
15217
15735
15973
16402
17226
17822
18113
18367
18612
18841
19072
19287
19413
19560
19683
19795
19891
19965
20039
20131
20479
20872
21082
21401
21751
22128
22564
22933
23381
23723
24176
24820
25634
26360
26587
26730
26949
27857
28740
29294
29951
30385
31106
31804
32148
32475
33038
33853
34464
34795
35094
35324
35484
35676
36038
36387
36529
36601
36743
37265
37990
38765
39346
39723
40210
40502
40596
40696
40924
41531
42132
42558
43033
43294
43402
43619
43891
44068
44298
44713
45162
45445
45693
46040
46513
46998
47464
47878
48076
48564
49269
49643
49832
50734
52016
52669
52948
53136
53480
53776
