59
163
315
455
611
842
1025
1174
1311
1455
1605
1751
1859
1941
2055
2175
2420
2673
2774
2895
3042
3234
3418
3737
4075
4212
4399
4684
4964
5129
5255
5408
5629
5931
6183
6405
6684
6876
7005
7175
7593
8110
8861
9703
10130
10417
10634
11089
11550
11722
11899
12057
12186
12337
12481
12722
13011
13266
13461
13550
13713
13932
14234
14673
15109
15361
15458
15554
15680
15855
16087
16395
16662
16897
17265
17561
17761
18066
18299
18412
18836
20224
22636
24107
24253
24719
25163
25307
25490
25714
25931
26335
26840
27189
27795
28364
28807
29212
30176
31301
31620
31769
31996
32257
32493
32716
33115
33480
33628
33755
33950
34146
34352
34604
34746
34938
35149
35529
35874
35999
36247
36485
36628
36845
