149
500
769
917
1040
1114
1220
1497
2005
2654
3145
3628
4075
4446
4925
5341
5707
5943
6427
7671
8699
9326
9968
10505
10985
11254
11451
11780
12070
12261
12456
12702
13510
14660
15291
15597
15864
16163
16487
16911
17410
17789
18795
19652
20100
20961
21758
22134
22282
22437
22725
23247
23612
23812
24016
25434
26963
27195
27617
28031
28114
28195
28418
28965
29496
29863
30301
30646
30876
31105
31296
31557
32106
32585
32837
33210
33730
34221
34910
35493
35652
35786
35947
36289
37129
37966
38318
38691
39110
39325
39446
39820
40449
40942
41220
41452
41630
41731
42009
42282
42441
42669
43075
43431
43565
43712
43872
44542
45442
45978
46276
46460
46849
47470
47995
48605
49665
50764
51575
52517
53209
53719
54287
54606
54843
54972
55305
55901
56367
56747
57101
57256
