56
206
637
1026
1150
1302
1494
1982
2416
2542
2664
2806
3135
3602
3964
4229
4450
4604
4734
4881
5120
5903
6576
6683
6812
6940
7051
7422
7819
7956
8066
8700
9308
9410
9540
9839
10385
10825
11092
11293
11411
11568
11809
12024
12186
12373
12611
13205
13749
14360
14934
15046
15273
16106
17131
18167
19360
19977
20155
20305
21199
22475
23060
23238
23330
23421
23556
23743
24558
25334
25450
25549
25663
26066
26494
26651
26769
26871
27022
27434
27846
28011
28178
28492
29388
30194
30835
31462
31921
32325
32440
32596
33205
33806
33963
34145
34871
35743
36106
36303
36500
36641
