1259
2549
2633
2723
2799
2873
2945
3018
3172
3706
4200
4321
4694
5076
5185
5310
5584
5835
5922
6000
6087
6246
6413
6586
6755
6911
7078
7288
7488
7580
7727
7883
8675
9487
9607
9727
10695
11655
11749
11826
11936
12104
12268
12412
12550
12653
12727
12815
12929
13049
13154
13272
13416
13532
13715
13894
14144
14391
14834
15330
16326
17532
17908
18028
18137
18260
18382
18639
20486
22287
22503
22617
22725
23903
25478
29069
32275
32401
32524
32861
33161
33271
33391
33595
33791
33896
34030
34152
34363
34605
34758
34865
34985
35734
36444
36512
36583
36666
36761
36865
36970
37366
37785
38152
38491
39008
39512
39595
39735
39870
39992
40111
40193
41039
42906
45552
51472
58314
61903
63696
64527
65307
68377
71785
76431
80130
80425
80735
80847
80949
81088
81234
81365
81491
