69
269
474
603
708
982
1240
1346
1518
1712
1847
1993
2272
2489
2563
2653
2762
2909
3429
4066
4321
4463
4636
4904
5140
5387
5706
6058
6469
6810
7337
8003
8377
8549
8690
8758
8876
9008
9089
9280
9622
10012
10294
10466
10828
11171
11362
11611
11977
12313
12648
12985
13145
13530
13904
14024
14140
14269
14449
14745
15016
15407
15888
16093
16189
16538
16940
17233
17471
17593
17710
17852
18088
18356
18806
19598
20227
20830
21377
21539
21787
22047
22287
22582
22846
23028
23173
23378
23558
23712
23850
23944
24028
24152
24260
24393
24628
24829
24938
25328
25719
25852
26641
27387
27471
27542
27623
27756
27921
28054
28235
28429
28525
28737
29238
29601
29755
29961
30685
31739
32384
32841
33195
33362
33703
34053
34414
34763
34849
35188
35622
35853
36056
36238
36382
36839
37284
37394
37513
37626
37848
38106
38231
38398
38626
38816
38996
39196
39415
39835
40198
40648
41113
41235
41719
42311
42527
42757
43116
43546
44274
45142
45578
45737
46335
47914
49039
49200
50276
51350
51559
51683
51774
51874
51966
52089
52234
52375
52631
52868
53411
53941
54800
55738
55947
56202
56408
57105
57878
58355
58787
58954
59190
59364
59434
60016
60637
60743
60835
61132
61465
61621
61772
61915
62006
62153
62577
63049
63297
63701
65083
66199
66324
66513
66860
67239
67543
67739
67819
67901
68080
68358
68586
68741
68845
68957
69103
69255
69381
69612
69935
70224
