56
146
212
278
343
407
472
537
630
951
1305
1532
1713
1896
2122
2279
2659
3014
3249
3601
3836
4041
4415
4741
4866
4985
5126
5311
5493
5685
6008
7200
8263
8379
8563
8746
8842
8934
9034
9226
9417
9578
9733
9834
10002
10313
10662
10850
11023
11199
11320
11466
11589
11688
11792
11950
12188
12369
12445
12550
12709
12842
12922
13043
13270
13633
13956
14172
14328
14438
14539
14663
15178
15650
15861
16072
16155
16250
16448
16647
16823
17074
17238
17385
17545
17636
17705
17773
17858
17945
18032
18133
18299
18476
18588
18712
18953
19167
19410
19655
19790
19917
20352
22022
23770
24295
24711
25112
25205
25296
25373
25492
25611
25695
25776
26363
26976
27136
27282
27812
28369
28532
28656
28847
