34
108
187
265
474
751
910
1040
1180
1330
1540
1777
1975
2164
2584
2944
3064
3174
3275
3581
3926
4082
4161
4246
4391
4565
4715
5008
5305
5447
5612
5826
6040
6220
6413
6555
6691
6841
6978
7228
7607
7894
8053
8225
8554
8860
8952
9154
9408
9599
9782
9897
10024
10159
10291
10414
10490
10630
10790
10889
10965
11059
11192
11329
11456
11575
11680
11947
12320
12594
12766
12947
13285
13659
13935
14345
14725
14917
15084
15179
15373
15609
15741
15987
16261
16410
16523
16631
16757
16863
17293
17791
18018
18294
18608
18811
18953
19224
19488
19647
19803
20307
20905
21256
21469
21655
