33
410
1111
1853
2378
2708
3423
4177
4445
4831
5363
5691
5984
6245
6452
6652
6893
7084
7183
7373
7624
7823
8148
8606
8943
9130
9286
9566
10134
10658
10892
11087
11305
11567
11761
11986
12493
12890
13013
13102
13236
13356
13422
13534
13690
13843
13992
14121
14260
14428
14558
14685
14818
14912
14985
15048
15123
15278
15441
15568
15688
15788
15904
16004
16205
16422
16591
16750
16872
17003
17207
17502
17689
17807
17974
18138
18275
18387
18544
18731
18907
19045
19130
19400
19847
20109
20406
20704
20967
21398
21722
22178
22693
22932
23060
23174
23259
23695
24147
24246
24340
24537
24725
24799
24875
24956
25033
25113
25226
25400
25659
25887
25995
26200
26445
26564
26641
