180
391
460
569
722
851
945
1057
1157
1237
1324
1405
1479
1553
1621
1711
1809
1888
2025
2189
2327
2457
2619
2766
2871
3014
3127
3206
3334
3510
3711
3919
4111
4264
4400
4554
4703
4831
5006
5213
5472
5735
5907
6063
6206
6345
6500
6634
6790
6966
7080
7279
7483
7679
7895
8037
8260
8450
8527
8629
8764
9091
9415
9522
9654
9831
9961
10074
10195
10295
10387
10492
10630
11129
11594
11725
11852
11933
12015
12089
12160
12247
12401
12566
12699
12834
12964
13104
13217
13319
13424
13515
13619
13732
13833
13917
14004
14098
14186
14280
14376
14507
14642
14736
14844
15013
15444
15849
16247
16640
16760
16863
17035
17179
17249
17519
17787
18199
18654
18787
19066
19329
19469
19649
20028
20570
20849
20969
21094
21189
21299
21390
21697
22047
22209
22655
23078
23270
23464
23788
24134
24311
24507
24751
24979
25246
25538
25722
25876
26045
26169
26286
26500
26844
27167
27437
27650
27812
27964
28104
28291
28486
28661
28813
28974
29180
29410
29550
29616
29739
29862
29927
29996
30092
30189
30274
30359
30448
30550
30674
30959
31305
31477
31672
31866
31955
32089
32284
32480
32706
32891
33010
33116
33309
33521
33630
33895
34213
34429
34597
34699
34774
34859
34948
35029
35144
35259
35334
35470
35647
35775
35926
36073
36160
36257
36354
36598
36871
37002
37129
37275
37401
37515
37698
37868
37968
38062
38496
38950
39064
39247
39503
39747
40001
40164
40251
40366
40506
40627
40764
40891
40986
41084
41226
41374
41540
41714
41855
42025
42230
42427
42570
42731
42891
43029
43153
43248
43343
43447
43718
44013
44156
44296
44406
44533
44778
44968
45084
45272
45490
45692
45816
46258
46723
46901
47070
47321
47566
47733
47932
48117
48317
48551
48806
48974
49079
49173
49262
49374
49511
49800
50125
50279
50367
50462
50561
50737
50954
51084
51188
51292
51422
51572
51685
51870
52083
52213
52411
52827
53139
