38
108
171
239
305
369
434
499
563
666
817
945
1032
1163
1322
1491
1680
1854
2006
2189
2417
2577
2723
2890
3055
3227
3392
3562
3741
3897
4104
4340
4514
4677
4839
4982
5081
5202
5370
5621
5822
5918
6017
6154
6303
6432
6627
6786
6871
7213
7739
8025
8146
8268
8456
8631
8910
9385
9678
9779
9892
10093
10271
10542
10866
11054
11559
12010
12186
12365
12540
12733
12914
13170
13422
13745
14012
14138
14243
14344
14534
15017
15597
15858
16042
16300
16463
16562
16698
16860
16990
17112
17235
17357
17481
17609
17806
18198
18702
19010
19134
19260
19461
19737
19936
20185
20412
20481
20542
20732
20945
21056
21250
21493
21677
21791
21884
21988
22152
22333
22455
22577
22717
22891
23054
23166
23277
23380
23535
23716
23827
23995
24197
24342
24492
24642
24758
24862
24974
25177
25401
25532
25626
