130
408
621
768
964
1110
1234
1377
1465
1645
1874
2110
2314
2490
2644
2710
2776
2909
3261
3761
4168
4408
4533
4610
4679
4771
4924
5321
5669
5758
5891
6020
6160
6309
6474
6648
6853
7034
7096
7158
7223
7360
7580
7775
7907
8028
8266
8672
8997
9180
9440
9648
9838
10289
10678
10872
11030
11178
11364
11624
11839
12018
12246
12405
12652
12879
13046
13260
13444
13619
13983
14325
14432
14513
14722
14982
15141
15300
15457
15573
15657
15797
15975
16180
16387
16541
16673
16839
17014
17195
17432
17642
17797
17927
18125
18400
18698
19011
19336
19596
19768
20133
20517
20780
21123
21400
21744
