130
384
570
675
789
935
1045
1118
1385
1736
1909
2094
2360
2854
3566
3960
4366
5013
5396
5658
5996
6383
6775
7023
7179
7358
7483
7654
7917
8387
8852
9077
9351
9913
10375
10571
11099
11857
12258
12344
12472
12811
13141
13409
13657
13877
14357
14726
14823
14903
14976
15051
15162
15439
15910
16383
16907
17703
18311
18608
19066
19588
19928
20226
20997
21621
21774
21953
22154
22441
22670
22796
23306
23896
24239
24717
25337
25805
26112
26446
26985
27778
28647
29451
29823
30083
30595
30951
31105
31297
31548
31982
32574
33090
33431
33801
34086
34371
34703
34853
34944
35067
35569
36075
36207
36302
36411
36515
36862
37262
37821
38466
38750
39218
39661
39777
39924
40068
41227
42416
42561
42722
42885
43115
43302
43374
43602
43853
43982
44522
45114
45961
46735
46888
47050
47317
47835
48344
48575
48646
48750
48942
49173
49381
49703
49959
50265
50571
50653
50773
50998
51528
52072
52405
52717
52935
53342
53844
54199
54452
