215
572
853
1094
1292
1455
1567
1691
1823
1939
2033
2131
2240
2396
2571
2769
3175
3637
3944
4267
4562
4696
4965
5247
5383
5796
6176
6291
6542
7213
7969
8265
8348
8507
8842
9154
9321
9481
9809
10120
10396
10730
11186
11795
12126
12328
12541
12820
13280
13567
13846
14426
14891
15130
15328
15570
15888
16106
16428
16760
17034
18051
19119
19515
19690
19790
19903
20082
20299
20556
20781
20941
21179
21870
22601
22999
23312
23476
23659
23998
24365
24536
24661
24799
24901
25111
25680
26154
26525
27165
27594
27818
28057
28305
28542
28679
28875
29140
29383
29628
29832
30040
30243
30471
30682
30849
30974
31046
31291
31671
31880
32036
32281
32484
32622
32735
32854
33187
33746
34192
34442
34589
34695
34906
35259
35545
35922
36306
36565
36909
37130
37203
37278
37432
37635
37904
38250
38581
39422
40469
40967
41178
41346
41679
42001
42153
42470
42983
43471
44384
45401
46053
46442
46572
46720
46856
46957
47086
47247
47495
47760
47952
48114
48255
48483
48988
49656
50021
50158
50864
51598
52338
53053
53198
53565
54083
54931
55706
55919
56037
56197
56496
56733
56870
57035
57192
57364
57504
57594
57722
57867
58009
58304
58548
58622
58781
59380
59911
60267
61058
61616
61839
62119
62299
63091
63986
64195
64348
64531
64932
65398
66016
66598
66815
66954
67042
67127
67301
67514
67772
68046
68330
68603
68768
68973
69176
69494
69875
70143
70318
70487
70635
70774
71014
71211
71327
71471
71628
71737
71820
71911
72130
72372
72479
72564
72660
72740
72989
73309
73782
