170
392
529
677
883
1086
1315
1532
1642
1777
1926
2044
2152
2276
2434
2768
3089
3545
4191
5044
5766
5979
6117
6232
6315
6687
7169
7483
7837
8117
8243
8317
8469
8615
8719
8924
9178
9576
9994
10183
10373
10747
11264
11801
12102
12186
12266
12359
12453
12561
12843
13166
13472
13722
14004
14277
14485
14803
15345
15943
16652
17324
17786
18168
18448
18694
19409
20116
20209
20287
20355
20597
20851
20979
21096
21548
22444
23181
23741
24243
24849
25598
26068
26225
26320
26652
27384
27910
28216
28655
28956
29267
29605
29795
30181
30858
31526
32334
33002
33360
33704
33985
34246
34653
35064
35375
35693
35911
36334
36853
37050
37357
38013
38462
38811
39140
39242
39569
40169
40706
40962
41059
41384
41745
41988
42642
43400
44006
44852
45660
46015
46320
46645
46812
47341
47857
48129
48638
49005
49209
49431
49553
49666
49791
50094
51076
51921
52121
52446
52859
53082
53160
