87
215
308
393
473
560
711
880
981
1181
1374
1454
1593
1890
2266
2475
2802
3245
3547
3959
4296
4568
5013
5461
5844
6154
6349
6457
6550
6648
6727
6873
7232
7656
7918
8043
8311
8756
9044
9222
9374
9572
9771
9901
10233
10524
10638
10871
11096
11236
11733
12293
12597
12861
13067
13216
13309
13428
13719
14008
14274
14520
14651
14798
14904
14999
15100
15191
15293
15414
15534
15628
15707
15796
16061
16360
16525
16770
17099
17329
17463
17756
18010
18172
18382
18527
18667
19113
19639
19897
20259
20586
20687
20777
21015
21444
21892
22163
22379
22565
22644
22761
22901
23009
23089
23306
23602
23932
24225
24362
24464
24552
24662
24798
25386
26042
26315
26520
26741
27038
27230
27350
27570
27824
28011
28227
28668
29097
29424
29954
30368
30587
30794
30938
31192
31623
32012
32624
33139
33610
34329
34719
34916
35061
35228
35531
35843
36104
36442
36730
36891
37135
37553
37858
37977
38080
38145
38246
38455
38759
39003
39159
39466
39737
39885
40066
40274
40497
40633
40929
41278
41503
41675
41809
41976
42123
42238
42332
42414
42494
42608
42865
43165
43348
43483
43642
43794
43965
44643
45255
45442
45630
45723
45849
46125
46376
46527
46656
46765
46899
47077
47464
47809
47967
48249
48691
48967
49091
49312
49489
49576
49659
49757
50028
50279
50774
51509
52061
52643
53024
53206
53371
53492
53612
53698
53785
53873
53955
54101
54290
54455
54562
54662
55099
55760
56229
56484
56803
57080
57189
57352
57534
57676
57773
58075
58374
58487
58655
58812
58989
59145
59233
59329
59455
59600
59708
59835
59976
60186
60373
60458
60543
60639
60804
60969
61244
61561
61940
62354
62718
63055
63282
63463
63573
63677
63815
64465
65133
65309
65433
65635
66015
66325
66521
66701
66994
67413
67648
67758
67962
68129
68200
68505
68992
69277
69682
70161
70347
70474
70687
70922
71239
71565
71763
71940
73176
