33
121
278
458
581
718
847
974
1365
1813
2039
2330
2643
2918
3214
3394
3514
3694
3877
3999
4231
4438
4675
5013
5229
5346
5415
5533
5683
5825
6024
6264
6442
6531
6757
7058
7257
7491
7722
7870
8025
8158
8245
8375
8496
8619
8977
9326
9493
9632
9726
9891
10101
10253
10633
11197
11619
11942
12177
12319
12414
12548
12728
12862
12957
13056
13206
13378
13499
13598
13754
14051
14352
14587
14778
14884
15096
15642
16078
16328
16640
17004
17302
17391
17485
17585
17692
17805
17900
17987
18053
18135
18224
18328
18443
18579
18761
18905
18992
19068
19161
19302
19457
19677
19873
19995
20148
20264
20542
20918
21198
21392
21482
21618
21748
22122
22572
22756
23211
23650
23822
23967
24048
24152
24307
24503
24694
24940
25267
25527
25651
25734
25813
25894
26037
26283
26527
26700
26842
26969
27074
27174
27314
27469
27587
27717
27908
28105
28331
28565
28726
28886
