272
707
956
1111
1215
1296
1403
1508
1608
1720
1820
2047
2284
2459
2721
2941
3058
3134
3345
3650
3878
4053
4164
4401
4695
4818
5174
5549
5663
5758
5851
6075
6340
6471
6583
6694
6772
6866
6955
7040
7155
7336
7532
7658
7732
7835
8054
8325
8491
8671
8861
8961
9054
9240
9409
9534
9698
9857
10018
10186
10402
10683
10875
11039
11209
11382
11609
11741
11911
12231
12455
12590
12769
12918
13066
13211
13325
13427
13522
13616
13750
13876
14001
14221
14429
14569
14723
14885
15000
15074
15189
15324
15615
15891
16033
16298
16556
16757
16951
17064
17256
17752
18271
18486
18580
18695
18783
18851
18945
19045
19117
19184
19419
19670
20038
20467
20632
20795
21059
21350
21533
21643
21748
21852
21979
22073
22140
22221
22304
22398
22563
22703
22774
22891
23011
23195
23449
23606
23690
23771
23877
24035
24176
24282
24400
24512
24597
24694
24879
25088
25230
25403
25570
25675
25865
26076
26340
26837
27354
27609
27720
27842
27975
28102
28196
28346
28488
28612
28759
28873
28998
29172
29342
29461
29589
29802
29977
30052
30139
30222
30353
30495
30621
30736
30868
30996
31087
31176
31272
31445
31616
31920
32354
32585
32745
32987
33223
33382
33465
33658
33904
34124
34356
34724
35159
35492
35783
36100
36363
36514
36659
36834
37019
37150
37251
37406
37567
37672
37850
38046
38150
38215
38279
38346
38529
38779
39075
39321
39583
39912
40240
40499
40626
40790
40922
41018
41114
41208
41568
41948
42499
43022
43158
43364
43596
43754
43886
44153
44441
44636
44791
44907
45040
45195
45297
45458
45820
46264
46534
46839
47181
47368
47499
47928
48388
48640
48869
49004
49183
49376
49651
50201
50609
50753
50952
51094
51235
51408
51568
51751
51912
52011
52096
52210
52393
52590
52802
53003
53119
53237
53370
53474
53554
53690
53926
54132
54246
54352
54451
54538
54654
54757
54843
55001
55207
55428
55634
55755
55864
56085
56278
56394
56505
56595
56811
57024
57155
57281
57445
57666
57901
58119
58236
58310
58432
58636
58979
59752
60357
60468
60647
60870
61024
61168
61291
61362
61454
61589
61724
61917
62166
62400
62647
62893
63088
63217
63391
63548
63684
63837
63974
64171
64395
64610
64757
64844
64950
65066
65324
65619
65809
65973
66111
66228
66319
66429
66578
66725
66860
67026
67215
67374
67470
67572
67733
67877
67992
68133
68296
68438
68561
68778
68990
69125
69266
70207
