38
127
227
327
428
527
627
726
836
964
1120
1396
1625
1827
2069
2228
2660
3087
3339
3568
3657
3743
3822
3895
4006
4116
4698
5366
5537
5637
5754
5868
5949
6017
6110
6217
6954
7744
7880
8122
8526
9260
9855
10147
10468
10652
10961
11228
11677
12104
12208
12530
12841
12985
13116
13201
13293
13391
13524
13655
13753
13862
13973
14075
14160
14242
14361
14488
14586
14693
14796
14897
14995
15118
15373
15834
16326
16560
16790
17022
17111
17195
17292
17423
17535
17956
18385
18519
18630
18728
19353
19991
20121
20214
20304
20386
20456
20742
21062
21179
21288
21419
21533
21821
22620
23222
23457
23677
23744
23832
24109
24423
24576
24771
24955
25038
25188
25725
26230
26429
26901
27555
27889
28149
