41
196
424
643
790
1040
1294
1415
1979
2609
2791
2875
2965
3064
3313
3672
3871
3983
4103
4579
5040
5191
5400
5557
5804
6035
6158
6276
6546
7522
8309
8380
8483
8607
8787
9102
9573
9994
10218
10344
10457
10695
10893
11185
11505
11759
12073
12255
12595
13019
13336
14246
15033
15345
15678
15816
15918
16026
16320
16636
16796
16916
17123
17499
17898
18209
18524
18886
19221
19418
19497
19874
20253
20365
20531
20802
21107
21397
21650
21964
22222
22340
22649
23033
23226
23300
23455
23701
23913
24026
24296
24632
24790
24956
25114
25206
25309
25469
25675
25972
26549
27020
27200
27342
27507
27677
27798
27933
28196
28451
28560
29279
29999
30097
30293
30483
30568
30668
30922
31258
31450
31584
31719
31922
32115
32242
32374
32697
33128
33388
33541
33751
34083
34373
34525
34605
34677
34846
35083
35530
36130
36520
36683
36758
36846
36954
37087
37285
37457
37553
37656
37906
38192
38422
38696
39060
39332
39408
39594
39844
39999
40145
40273
40397
40582
40738
40844
40972
41266
41531
41655
41813
41973
42292
42611
42956
43676
44171
44255
44369
44482
44573
44671
44789
44892
45010
45156
45416
45663
45768
46069
46490
46744
46868
46967
47536
48319
48958
49432
49597
49719
49881
50039
50183
50522
51263
51982
52276
52459
52630
52716
52855
53005
53536
54100
54224
54477
54797
55264
55771
56135
56392
56476
56670
57130
58066
58747
58859
58976
59167
59426
59718
59990
60165
60290
60374
60511
60844
61266
61722
62092
62235
62319
62411
62709
63191
63730
64133
64454
64739
64843
64929
65461
66020
66129
66242
66405
66735
67131
67445
68091
68667
68865
69029
69120
69241
69390
69489
69564
69665
69814
70005
70170
70376
70620
70794
70918
71043
71159
71247
71359
71559
71747
71845
71962
72243
72495
72639
72836
72983
73222
73494
73621
73813
74197
74604
75337
