465
1026
1544
2029
2165
2270
2351
2492
3137
3757
3856
3929
4013
4095
4235
4370
4575
4802
5024
5297
5647
5960
6078
6264
6768
7201
7328
7429
8023
8635
8892
9228
9712
10840
11752
11997
12167
12255
12359
12477
12620
12764
12951
13369
13854
14380
14787
15093
15384
15540
15696
15809
15930
16048
16196
16364
16457
16630
16823
16942
17213
17629
18048
18864
19704
20224
20638
20954
21380
21891
23189
24263
24353
24430
24506
24659
24806
24897
25297
25719
25856
25947
26111
26375
26702
26993
27236
27462
27597
27703
27799
28039
28293
28453
28612
28746
28888
28994
29108
29280
29516
29806
30053
30362
30879
31438
31858
32288
32633
32777
32899
33012
33205
33576
33896
34177
34603
35031
35383
35688
35950
36132
36317
36916
37438
37553
37757
38022
38231
38705
39174
39334
39644
40003
40916
