172
443
621
792
977
1123
1215
1301
1380
1454
1583
1813
2037
2214
2427
2636
2856
3022
3164
3301
3426
3819
4298
4553
4689
5149
5595
5692
5878
6300
6682
6875
7141
7343
7436
7613
7987
8318
8751
9160
9330
9485
9970
10447
10934
11487
11776
12121
12416
12699
13128
13555
13818
14002
14139
14453
15129
15871
16231
16660
17288
17886
18276
18807
19400
19864
20308
20502
20667
20907
21180
21308
21381
21582
21784
21896
22153
22724
23191
23396
23550
23618
23966
24494
24786
25186
25580
25715
26132
26763
27134
27263
27401
27593
27721
27796
27949
28175
28323
29248
30294
30507
30682
31042
31354
31469
31574
31759
31942
32069
32203
32325
32550
32900
33421
33946
34266
34609
35096
35425
35529
35668
36466
37410
37681
38135
38660
38895
39121
39377
