113
344
528
724
961
1106
1242
1587
1903
2069
2202
2301
2412
2531
2658
2762
2886
3000
3089
3175
3274
3387
3563
3750
4069
4539
4818
4919
5008
5103
5174
5260
5398
5538
5626
5706
5833
5980
6104
6231
6355
6455
6595
6785
7005
7198
7318
7422
7611
7790
7906
8052
8161
8274
8388
8479
8585
8680
8767
8934
9112
9218
9355
9549
9702
9916
10243
10437
10508
10583
10660
10743
10829
10960
11090
11184
11299
11434
11579
11737
11903
12139
12402
12545
12716
12929
13051
13234
13470
13644
13934
14195
14295
14438
14675
14918
15098
15216
15297
15416
15557
15678
15780
15906
16035
16135
16232
16463
16686
16779
16870
16982
17250
17488
17801
18119
18203
18436
18708
18870
19074
19287
19487
19678
19861
20077
20285
20418
20573
20757
20902
21115
21316
21556
21795
21919
22048
22170
22293
22443
22569
22795
23030
23158
23318
23434
23581
23737
23842
23957
24114
24401
24638
24762
24880
24996
25099
25200
25407
25641
25808
25999
26217
26385
26575
26868
27094
27189
27268
27368
27574
27898
28144
28253
28414
28740
29309
29972
30589
30989
31118
31259
31408
31527
31631
31695
31783
31991
32214
32468
32741
32969
33278
33521
33639
33791
33957
34194
34456
34593
34697
34815
34922
35120
35497
35763
