42
140
237
502
876
1067
1152
1359
1594
1707
1812
1960
2079
2151
2247
2350
2506
2655
2778
2946
3102
3521
3929
4108
5227
6344
6763
7211
7783
8327
8917
9636
10011
10219
10366
10484
10601
10723
10872
11007
11090
11193
11768
12443
12908
13734
14808
15422
15735
16227
16533
16654
16802
16984
17104
17174
17247
17534
17924
18683
19356
19504
19686
19806
19876
19949
20174
20402
20481
20594
20839
21044
21190
21555
21842
22227
22627
23175
23771
23981
24567
25129
25329
25484
25616
25766
26142
26678
27017
27194
27365
27615
27826
28004
28981
29919
30086
30424
30770
31133
32240
33194
33416
33675
35130
36930
