156
413
883
1443
1731
2051
2424
2624
2741
2913
3062
3321
3623
3968
4410
4774
5140
5591
6291
6878
7067
7178
7311
7403
7544
7776
7943
8146
8536
8901
9122
9283
9982
10684
10834
11042
11213
11327
11874
12596
12939
13277
13561
13773
13984
14057
14145
14499
14842
14945
15071
15281
15664
16447
17149
17424
17894
18373
18626
19076
19432
19508
19588
19661
19753
19872
19976
20048
20110
20209
20317
20491
20673
20777
20964
21186
21478
21796
22165
22844
23408
23712
24098
24352
24439
24532
24813
25263
25535
25657
25839
26072
26233
26323
26399
26630
26927
27078
27176
27522
27940
28213
28451
28618
28828
29271
29702
29971
30546
31080
31364
31798
32490
32964
33046
33112
33239
33380
33581
33799
34095
34933
35662
35883
36099
36269
36484
