34
102
166
228
312
397
486
909
1525
2053
2465
2667
2874
3099
3286
3493
3801
4116
4449
4843
5152
5517
5782
5858
5928
6009
6113
6207
6282
6375
6473
6793
7150
7279
7398
7541
7671
7764
7896
8051
8202
8526
8789
8934
9125
9239
9338
9464
9556
9657
9774
9869
10051
10270
10442
10582
10750
10943
11094
11677
13007
13924
14053
14118
14228
14343
14415
14508
14643
14752
14819
14905
14992
15066
15140
15236
15366
15499
15689
15859
15944
16056
16159
16257
16502
16715
16863
17027
17138
17236
17324
17449
17563
17659
17768
17893
18017
18208
18393
18474
18559
18709
19015
19351
19683
19935
20033
20118
20188
20269
20342
20465
20632
20935
21207
21311
21405
21476
21567
21671
21772
21858
21928
21993
22062
22184
