128
292
368
442
508
575
668
780
920
1051
1126
1311
1626
1831
2195
2559
2754
3343
3860
4018
4186
4529
4922
5310
6112
6938
7583
8245
8592
8700
8784
8859
8936
9010
9093
9362
9659
10058
10438
10585
10726
10849
11131
11408
11549
11685
11798
11884
12537
13759
14575
14844
14976
15134
15255
15397
15550
15682
15834
15972
16132
16330
16482
16688
16888
17063
17245
17350
17464
17570
17733
17930
18099
18210
18282
18365
18468
18633
19035
19554
20134
20541
20621
21298
22060
22412
22688
22794
22953
23142
23297
23457
23619
24172
24771
24946
25317
25727
25911
26027
26276
26537
26708
26880
26979
27086
27209
27325
27411
27480
27595
27726
27932
28142
28258
28387
28598
28949
29222
29449
29660
29751
29958
30363
30739
31248
31858
32344
32673
32794
32885
33097
33321
33484
34389
35355
35673
36073
36379
36489
36580
36697
36802
36962
37293
37547
37737
38424
39061
39682
40307
40943
41601
41942
42270
42506
42731
42848
42966
43093
43200
43298
43425
43604
43760
43902
44001
44186
44667
45463
46257
46672
46839
47020
47169
47282
47413
47820
48287
48618
48982
49379
49662
49849
50066
50505
51082
51634
52129
52354
52642
52903
53042
53201
53305
53403
53498
53578
53666
53766
53877
54010
54219
54391
54745
55307
55614
55727
55964
56228
