100
313
490
1305
2104
2408
2753
3789
4785
4902
5007
5088
5166
5254
5417
5602
6297
7065
7281
7392
7627
7915
8042
8944
9974
10482
10989
11634
12283
12485
12626
12794
13346
14350
15171
16043
17198
17921
18113
18199
18276
18350
18443
18569
18667
18738
18873
19052
19765
20696
21456
21966
22075
22217
22353
22434
22505
22594
22730
23543
24303
24396
24503
24624
24731
24810
24889
24983
25134
25270
25345
25440
25539
26132
27197
27848
28050
29441
30914
31163
31544
32073
32618
33007
33235
33428
33579
33711
33847
34004
34128
34313
34486
34592
34746
35326
35842
35959
36075
36171
36522
36871
37322
37744
37852
38004
38130
38220
38312
38411
38503
38580
38662
38744
40167
41588
41661
41742
41924
42157
42306
42475
42675
42976
43242
43375
43505
43593
43686
44284
44869
44963
45065
45148
45234
45323
46189
47204
47548
47848
48451
49034
49198
49309
49415
49501
50584
51716
51843
51914
51994
52068
52135
52203
52270
52345
52429
52523
52645
52747
52844
53041
53501
54432
55238
55499
55617
55709
55802
55959
56108
56222
56358
56536
56699
56812
56900
57029
58181
59520
59954
63079
66167
66349
66513
66673
66796
66922
67079
67634
68183
68490
69023
69420
69848
70403
70793
71024
71131
71245
71333
72157
