57
209
352
451
555
651
738
817
887
967
1109
1257
1408
1537
1694
1899
2017
2239
2652
3264
3694
3840
4169
4459
4633
4802
4929
5140
5362
5712
6138
6528
6806
6946
7133
7341
7564
7861
8354
8825
9032
9240
9533
9706
9803
10003
10215
10315
10458
10902
11283
11545
11808
12061
12690
13461
14317
15207
15770
16169
16486
16613
16892
17212
17344
17546
17843
18042
18251
18586
18871
19036
19158
19260
19397
19599
19780
19981
20226
20511
20809
21060
21636
22332
22754
23240
23585
23898
24216
24320
24406
24480
24691
24909
25110
25368
25507
25603
25720
25835
25927
26042
26177
26312
26498
26968
27491
27943
28270
28335
28404
28535
28695
28837
29175
29533
29689
29893
30437
31028
31455
31869
32291
32691
32962
33133
33227
33307
33573
33863
34118
34348
34449
34605
34773
34906
35034
35250
