86
270
404
512
763
1317
1878
2328
2741
2956
3098
3357
3612
3957
4284
4485
4791
5039
5243
5627
6094
6401
6739
7110
7369
7570
7945
8361
8639
8907
9142
9393
9640
9938
10152
10282
10509
10749
11031
11361
11686
11968
12253
12607
12896
13129
13297
13457
13651
13842
14146
14568
14864
14960
15043
15149
15275
15511
15831
16134
16380
16531
16689
16876
17046
17186
17447
17780
18018
18184
18328
18489
18726
18947
19086
19214
19355
19577
20035
20449
20747
21117
21462
21795
22134
22584
22932
23165
23369
23499
23721
23930
24160
24395
24503
24603
24815
25107
25307
25474
25661
25935
26241
26657
27384
28026
28512
29013
29338
29569
29816
30104
30414
30657
30811
30922
31069
31320
31530
31757
32022
32145
32284
32427
32580
32813
33232
33655
34026
34321
34436
34693
35000
35169
35289
35453
35643
35877
36068
36217
36370
36496
36681
36907
37112
37373
37751
38139
38439
38875
39245
39397
39640
39901
40103
40275
40522
40746
40939
41188
41481
41764
41927
42159
42497
42821
43083
43245
43543
43839
43979
44338
44799
45122
45408
45683
46035
46539
47121
47604
47974
48320
48533
48761
49174
49741
50339
50866
51236
51418
51583
51775
51968
52120
52373
52775
53075
53238
53337
53440
53592
53704
53779
53941
54176
54399
54818
55203
55415
55654
55854
56139
56366
56451
56576
56769
56919
57038
57370
57681
57795
57915
58055
58210
58335
58466
58602
58764
58942
59081
59267
59476
59660
59841
