71
311
522
612
693
771
848
921
1101
1292
1383
1469
1611
1802
1973
2153
2407
2623
2760
2922
3068
3270
3468
3569
3696
3809
3879
3993
4123
4240
4338
4456
4570
4694
4857
5142
5395
5543
5689
5792
6059
6377
6573
6732
6855
6963
7105
7265
7442
7593
7716
7831
8052
8289
8490
8880
9255
9460
9618
9818
10015
10271
10520
10783
11176
11487
11661
11884
12155
12410
12664
13074
13453
13581
13699
13823
13991
14403
14941
15265
15412
15542
15659
15771
15902
16068
16255
16398
16521
16724
16934
17116
17430
17723
17848
18008
18237
18401
18543
18749
18920
19031
19182
19374
19509
19672
19896
20036
20115
20249
20404
20541
20653
20801
20974
21077
21172
21288
21421
21579
21711
21860
22011
22183
22360
22475
22620
22863
23107
23349
23568
23723
