42
334
625
771
945
1064
1199
1335
1443
1550
1677
1801
1896
1998
2131
2250
2351
2481
2621
2741
2878
3011
3097
3190
3335
3488
3614
3738
3866
3974
4070
4191
4302
4390
4510
4664
4823
5035
5206
5299
5422
5586
5773
5959
6216
6412
6489
6571
6654
6731
6824
6941
7041
7142
7251
7393
7541
7630
7744
7884
8028
8164
8328
8535
8778
9031
9250
9406
9503
9613
9714
9795
9890
10006
10199
10371
10504
10759
10960
11448
11946
12053
12168
12287
12395
12516
12651
12760
12886
13084
13289
13409
13474
13540
13621
13714
13801
13903
14455
15019
15232
15446
15595
15798
16020
16180
16275
16358
16470
16565
16641
16751
16860
16954
17036
17107
17212
17320
17396
17497
17623
17796
17987
18191
18382
18479
18577
18717
18918
19138
19373
19606
19785
19986
20140
20239
20369
20544
20708
20879
21072
21197
21361
21803
