95
283
460
627
785
944
1089
1191
1264
1403
1547
1649
1765
1880
1977
2057
2198
2414
2583
2695
2835
2946
3065
3178
3246
3317
3388
3501
3627
3808
3998
4094
4181
4283
4385
4476
4590
4692
4791
4911
4994
5095
5228
5368
5538
5744
5917
6015
6091
6166
6257
6369
6473
6574
6719
6850
6984
7116
7215
7386
7635
7893
8067
8165
8246
8333
8605
8910
9235
9595
9777
9997
10193
10296
10410
10561
10928
11275
11412
11641
11957
12188
12318
12400
12527
12715
12943
13112
13246
13408
13559
13748
13971
14185
14363
14526
14708
15050
15344
15529
15767
15975
16200
16429
16585
16672
